ORDER	SENTENCE	STATUS	WORD	RANK	COUNT	COUNT_REL	INDEX	ID
12001	Չի կարող նույն ծառայության սակագինը մեկի մոտ երկու անգամ պակաս լինել»,- ասում է Կարեն Վարդանյանը։	Y	վարդանյանը	2092	    2,653	0.0053	557.2	arm_news_2017_00826195
12002	Ես համաձայն եմ:Փոքր ժամանակ այնպիսի բաներ են եղել, որ առաջին անգամ եմ դա արել, կողքից նայելիս ամեն ինչ շատ հեշտ է թվում, բայց երբ դու ես դա անում, հասկանում ես, որ դժվար է: Աննա.	Y	աննա	2093	    2,652	0.0053	541.8966	arm_news_2013_00345907
12003	«Շատ է եղել, երբ որոշել եմ այլ գործ անել, ու ասել՝ վերջ, ես էլ չեմ երգելու, որովհետեւ ոչ մեկին չի հասնում» Աննա Խաչատրյան.	Y	աննա	2093	    2,652	0.0053	640.7826	arm_news_2013_00789186
12004	Ամեն ինչ ունի սկիզբ և վերջ․․․» ՈՒ՞Ր Է ՆԱ ԵՎ Ի՞ՆՉ Է ԱՆՈՒՄ՝ Աննա Արմենակյան.«	Y	աննա	2093	    2,652	0.0053	654.25	arm_news_2013_00100317
12005	Աննա Գրիգորյան (լուսանկարներ) Երբեմն ուզում ես մեկ օրվա կյանք ունենալ.	Y	աննա	2093	    2,652	0.0053	777.9	arm_news_2017_00160191
12006	«Հ1»-ի մամուլի խոսնակ Աննա Ավանեսյանը երեկ մեր հարցին ի պատասխան ասաց, որ կադրերի բաժնում միայն կանայք են աշխատում և նման անունով մարդ գոյություն չունի։	Y	աննա	2093	    2,652	0.0053	804.2083	arm_news_2015_00564092
12007	Հ. Ա. -- Դուք ոչ միայն խոր ու գեղեցիկ երաժշտություն եք գրում, այլև շատ եք գրում։	Y	խոր	2093	    2,652	0.0053	539.0769	arm_news_2013_00552744
12008	Դա շատ բարդ է ու խոր, դա անհրաժեշտ է հասկանալ։	Y	խոր	2093	    2,652	0.0053	567.75	arm_news_2013_00295495
12009	Աստղագուշակ` հունվարի 24-ի համար Աստղագուշակ` հունվարի 23-ի համար Աստղագուշակ` հունվարի 22-ի համար Աստղագուշակ` հունվարի 21-ի համար Աստղագուշակ` հունվարի 20-ի համար Այն խոր իմաստ ունի և շատ թանկ է ինձ համար.	Y	խոր	2093	    2,652	0.0053	598.5385	arm_news_2015_00215696
12010	Թեեւ չեմ կարող ասել, թե ինձ լավ եմ զգում, քանի որ չեմ կարող առանց խոր տագնապի տեսնել այն, ինչ կատարվում է Ուկրաինայում»,- հայտարարել է նա։	Y	խոր	2093	    2,652	0.0053	616.8636	arm_news_2013_00419552
12011	«Խոր քննարկումներ չկան ԶԼՄ-ում և չեն էլ կարող լինել, քանի որ այդ խոր քննարկումներին ամեն մեկը ունակ չէ: Իսկ մեր ԶԼՄ-ում հիմա, փաստորեն, ամեն մեկն է աշխատում (.	Y	խոր	2093	    2,652	0.0053	619.36	arm_news_2013_00513858
12012	Որպես կանոն այն մեր մեջ խոսում է, երբ սկսում ենք մտածել՝ կլինի՞ արդյոք այնպես, ինչպես ուզում ենք։	Y	կանոն	2094	    2,651	0.0053	376.125	arm_news_2013_00812473
12013	Որպես կանոն նրանք այն մարդիկ են, որոնք չեն կարող հաջողության հասնել ոչ մի ոլորտում։	Y	կանոն	2094	    2,651	0.0053	422.5	arm_news_2015_00820784
12014	Ներկայացնում ենք 10 կանոն, որ անհրաժեշտ է ցանկացած կնոջ ճիշտ ընտրություն կատարելու համար։	Y	կանոն	2094	    2,651	0.0053	535.75	arm_news_2017_00748567
12015	Մինչ այդ նրանք, որպես կանոն, հանդիպում էին ոչ թե վարչապետի, այլ նախագահի եւ արտգործնախարարի հետ։	Y	կանոն	2094	    2,651	0.0053	556.8	arm_news_2013_00711176
12016	Ես բազմաթիվ երգեր եմ գրել սիրո մասին, բայց որպես կանոն, դրանք երբեք չեն եղել ես սիրում եմ քեզ, դու սիրում ես ինձ տիպի։	Y	կանոն	2094	    2,651	0.0053	583.4737	arm_news_2013_00341032
12017	Կարդալ շարունակությունը » Դեկտեմբերի 10—ն աշխարհում նշվում է որպես մարդու իրավունքների պաշտպանության միջազգային օր։	Y	շարունակությունը	2094	    2,651	0.0053	423	arm_news_2015_00542848
12018	Կարդալ շարունակությունը » Յուրաքանչյուր խաղից հետո ինձ ավելի ու ավելի լավ եմ զգում.	Y	շարունակությունը	2094	    2,651	0.0053	510.6364	arm_news_2015_00543300
12019	Պայքարի շարունակությունը կախված է նրանից, թե իրականում ինչ ես ուզում ստանալ iLur.	Y	շարունակությունը	2094	    2,651	0.0053	657.5833	arm_news_2013_00842183
12020	Շարունակությունը' «Հրապարակ»-ի այսօրվա համարում: Խնդիրն արդեն ունի տարիների պատմություն.	Y	շարունակությունը	2094	    2,651	0.0053	700.5	arm_news_2017_00784493
12021	Կարդալ շարունակությունը » Նախագահ Սերժ Սարգսյանը երեկ աշխատանքային այցով մեկնել է Տավուշի մարզ։	Y	շարունակությունը	2094	    2,651	0.0053	772.8333	arm_news_2013_00531294
12022	Նա նաև նշել է, որ ՀԱԿ-ի և «Ժառանգության» միջև ոչինչ չի փոխվել.	Y	ժառանգության	2095	    2,650	0.0053	378.0769	arm_news_2015_00755833
12023	«Երբ մենք փոքր էինք, իմ հայրը հաճախ էր խոսում մեր ժառանգության մասին։	Y	ժառանգության	2095	    2,650	0.0053	441.75	arm_news_2017_00354587
12024	ԲՀԿ–ն արդեն հանդիպել է ՀԱԿ–ի, ՀՅԴ–ի և «Ժառանգության» ներկայացուցիչների հետ։	Y	ժառանգության	2095	    2,650	0.0053	501.4167	arm_news_2013_00253442
12025	Արցախի Հանրապետությունում ավելի քան մեկ տարի է, ինչ գործում է «Ոչ նյութական մշակութային ժառանգության մասին» օրենքը։	Y	ժառանգության	2095	    2,650	0.0053	545.4	arm_news_2015_00241022
12026	«Մենք շարունակում ենք համագործակցությունը Վրաստանի հետ՝ հայկական մշակութային ժառանգության պահպանման առումով։	Y	ժառանգության	2095	    2,650	0.0053	654.0909	arm_news_2017_00683221
12027	Այլ հարց է, որ կառավարությունն այն ժամանակ որոշել է, որ դա պետք է,–հայտարարել է նախարարը։	Y	կառավարությունն	2095	    2,650	0.0053	362.6667	arm_news_2013_00121428
12028	Հայաստանում հիմա չկա նման բան, բայց կառավարությունն ուզում է ազատ գոտի ստեղծել։	Y	կառավարությունն	2095	    2,650	0.0053	465.75	arm_news_2015_00584092
12029	Ընթանում է Հայաստանի պուտինիզացիա Փորձում եմ ներկայացնել այն, ինչ կառավարությունն ունի.	Y	կառավարությունն	2095	    2,650	0.0053	485.4545	arm_news_2013_00408544
12030	Ի դեպ, ասենք, որ այսպիսի տարեկան ծրագիր կառավարությունն առաջին անգամ չէ որ ընդունում է։ Օրինակ՝ 2011թ.	Y	կառավարությունն	2095	    2,650	0.0053	491.2667	arm_news_2017_00419976
12031	«ՀՀ կառավարությունն ԱՄՆ–ի միջազգային զարգացման գործակալության հետ պատրաստել է մինչեւ 2036թ.	Y	կառավարությունն	2095	    2,650	0.0053	549.6667	arm_news_2017_00617673
12032	Ես հոգեկան ճգնաժամի մեջ եմ: ԱԺ-ո՞ւմ էլ եք այդ «ճգնաժամի» մեջ։	Y	հոգեկան	2095	    2,650	0.0053	468.1818	arm_news_2017_00329648
12033	Տեսանյութ, որտեղ երևում է, թե որ նախարարը ինչ հոգեկան վիճակում է..	Y	հոգեկան	2095	    2,650	0.0053	557.7	arm_news_2017_00946138
12034	Բացի այդ, նշվում է, որ նա ոչ մի հարազատ չունի եւ նրա մոտ առկա են հոգեկան խանգարումներ։	Y	հոգեկան	2095	    2,650	0.0053	594.8235	arm_news_2013_00246878
12035	Սակայն իրականում մենք հաճախ արժանի ենք նրան, ինչ ստանում ենք եւ մեր հոգեկան հարմոնիան կախված է միայն նրանից, թե ինչպես ենք դա ընդունում։	Y	հոգեկան	2095	    2,650	0.0053	604.8095	arm_news_2017_00872320
12036	Հոգեբանական խնդիր և հոգեբանական օգնություն Կյանքում մենք ստիպված ենք լինում հաճախ բախվել այնպիսի խնդիրների հետ, որոնք վերաբերում են հոգեկան..	Y	հոգեկան	2095	    2,650	0.0053	604.9444	arm_news_2013_00635268
12037	Ամբողջ Հայաստանի հետ ինչ լինելու է՝ նույնն էլ՝ մեզ հետ։	Y	նույնն	2095	    2,650	0.0053	300.6667	arm_news_2015_00102728
12038	Բայց չէ՞ որ նա այդ օրը նույնպես այն մարդն էր, ինչ ես, նա նույնն էր..	Y	նույնն	2095	    2,650	0.0053	358.0769	arm_news_2015_00254805
12039	Այնպես չէ, որ «ով էլ գա իշխանության` նույնն է լինելու»։	Y	նույնն	2095	    2,650	0.0053	444.4	arm_news_2013_00129904
12040	Երեկ մեր դպրոցում կարծես ամեն ինչ նույնն էր, ամեն օրվա նման։	Y	նույնն	2095	    2,650	0.0053	475.7	arm_news_2017_00358566
12041	Նույնն էլ Եվրասիական տնտեսական միության պարագայում է»,–ընդգծել է Հարությունյանը։	Y	նույնն	2095	    2,650	0.0053	851.3333	arm_news_2015_00781360
12042	Սակայն մի ժամանակ կին Հռոմի Պապի մասին խոսում էին ողջ աշխարհում.	Y	հռոմի	2096	    2,648	0.0053	681.8182	arm_news_2013_00880727
12043	Բայց, ինչպես ասում են, չի կարելի Հռոմի պապից ավելի մեծ ու լավ կաթոլիկ լինել, այնպես որ՝ նա ավելի լավ գիտի։	Y	հռոմի	2096	    2,648	0.0053	696.2778	arm_news_2015_00250508
12044	Քաղաքական, հոգևոր-մշակութային և այլ ոլորտներում… Երբ և որտեղ է լինելու Հռոմի պապը.	Y	հռոմի	2096	    2,648	0.0053	799.6667	arm_news_2017_00971201
12045	Ուղղակի Սերժ Սարգսյանը Հռոմի Պապից ավելի կաթոլիկ երևալու համար է դա արել, բայց դա ոչինչ չի տվել, բացի այն, որ մենք կորցրել ենք։	Y	հռոմի	2096	    2,648	0.0053	823.8636	arm_news_2015_00828807
12046	Այսօր 2713 այց ըստ Google Analytics-ի Հռոմի Պապն այսօր խոսել է Հայոց Ցեղասպանության մասին.	Y	հռոմի	2096	    2,648	0.0053	844.2308	arm_news_2013_00158962
12047	Բայց մենք տեսնում ենք, որ պարբերաբար այս կամ այն խնդիրները առաջանում են սննդի հետ», - ասաց Պողոսյանը։	Y	սննդի	2096	    2,648	0.0053	547.875	arm_news_2015_00252623
12048	Մեր ժողովուրդը վաղուց ի վեր օգտագործել է այն սննդի մեջ և բուժման համար։	Y	սննդի	2096	    2,648	0.0053	567.5385	arm_news_2013_00695823
12049	«Ես իսկապես կորցրել եմ 6 կգ, սակայն դա կապված չէր սննդի հետ։	Y	սննդի	2096	    2,648	0.0053	609.4545	arm_news_2013_00344228
12050	2) Հայաստանի Հանրապետության գյուղատնտեսության նախարարության և սննդի անվտանգության պետական ծառայության միջև համագործակցությունը կարող է ավելի լավ համակարգվել.	Y	սննդի	2096	    2,648	0.0053	720.1875	arm_news_2015_00025216
12051	Վերջինս ոչ միշտ է կապված սննդի ընդունման հետ, որովհետև կենտրոնական ծագում ունի։	Y	սննդի	2096	    2,648	0.0053	740	arm_news_2013_00930351
12052	Միակ բանը, որի պատճառով որևէ մեկը քեզ չի սիրում, այն է, որ նա ուզում է քեզ նման լինել։	Y	բանը	2097	    2,647	0.0053	271.875	arm_news_2013_00702109
12053	Նախ մեզ ասվում է, որ դա լավ բան է, բայց ցույց չի տրվում այդ լավ բանը.	Y	բանը	2097	    2,647	0.0053	432.2143	arm_news_2015_00750049
12054	Նման բանը անում են, մենք դա արել ենք՝ ի տարբերություն նրանց, ովքեր անընդհատ հայտարարում են, թե իրենք ուժեղ են։	Y	բանը	2097	    2,647	0.0053	484.2353	arm_news_2015_00767920
12055	Սակայն հույս ունեմ, որ ոչ ոք` ո՛չ Հայաստանում, ո՛չ Արցախում, այդ բանը չի մոռացել։	Y	բանը	2097	    2,647	0.0053	614.3571	arm_news_2015_00889206
12056	Նշենք, որ «ինչ-որ բանը» հիմա շատ տարածված է Ուկրաինայում։	Y	բանը	2097	    2,647	0.0053	734.2222	arm_news_2013_00766098
12057	Ու մեզ թվում է, որ սխալ ենք ընտրություն արել, բայց ոչ.	Y	ընտրություն	2097	    2,647	0.0053	332.8182	arm_news_2013_00821643
12058	Այսօր դուք ստիպված եք բարդ ընտրություն անել, ընդունել ոչ պարզ որոշում.	Y	ընտրություն	2097	    2,647	0.0053	507.4545	arm_news_2015_00178735
12059	Երբ դու ողջ ես ու քո կողքին են քեզ հարազատ մարդիկ ընտրություն միշտ էլ կա, ելք միշտ էլ կա..	Y	ընտրություն	2097	    2,647	0.0053	520.8125	arm_news_2017_00351611
12060	Ըստ նրա՝ մեծ հաշվով, դա ընտրություն է ապագայի Հայաստանի հարցում.	Y	ընտրություն	2097	    2,647	0.0053	567.5	arm_news_2013_00415371
12061	Պարզապես գոյություն չունի Եվրամիության և Եվրասիական միության միջև ընտրություն կատարելու իրավիճակ։	Y	ընտրություն	2097	    2,647	0.0053	889.6364	arm_news_2013_00849496
12062	Իսկ նրա դրամական հաշվին առկա է եղել մոտ 5 միլիոն դրամ։	Y	դրամական	2098	    2,646	0.0053	472.9	arm_news_2017_00459971
12063	Դրամական միջոցները 2016-ին կազմել են 6 միլիոն ՀՀ դրամ, 60.000 ԱՄՆ դոլար։	Y	դրամական	2098	    2,646	0.0053	568.5	arm_news_2017_00302394
12064	Նախարարի դրամական միջոցները 2016-ին կազմել են 15 միլիոն ՀՀ դրամ, 90․000 ԱՄՆ դոլար եւ 2800 եվրո։	Y	դրամական	2098	    2,646	0.0053	596.1538	arm_news_2017_00735550
12065	Ինչո՞ւ են ասում, թե հայոց ՊԵԿ նախագահ Գագիկ Խաչատրյանը միայն 2011-ին որպես դրամական միջոցներ հայտարարագրել է 278 մլն դրամ և 2 միլիոն 980 հազար ԱՄՆ դոլար։	Y	դրամական	2098	    2,646	0.0053	639.625	arm_news_2013_00454432
12066	Այն պարզ պատճառով, որ առաջին` մեր տնտեսությունը վատ վիճակում է, երկրորդ` խիստ նվազել են դրամական փոխանցումները, մասնավորապես ՌԴ-ից։	Y	դրամական	2098	    2,646	0.0053	697.7895	arm_news_2015_00140185
12067	Այս կազմակերպության հետ մենք սկսում ենք աշխատել ոչ միայն Երեւանում, այլ նաեւ մարզերում։	Y	մարզերում	2099	    2,645	0.0053	398.9231	arm_news_2017_00132034
12068	Այդ օրը ինչպես մայրաքաղաք Երևանում, այնպես էլ Հայաստանի մարզերում տարբեր միջոցառումներ են իրականացվում։	Y	մարզերում	2099	    2,645	0.0053	602.6154	arm_news_2017_00109910
12069	Անհրաժեշտ է նաև քաղաքացիական պաշտպանության հարցերին ավելի լուրջ ուշադրություն դարձնել մարզերում և ավելի շատ աշխատել մարզային կառույցների հետ։	Y	մարզերում	2099	    2,645	0.0053	609.7647	arm_news_2013_00172848
12070	Կոնկրետ արդյունաբերական գոտիների հետ կապված, ի՞նչ եք կարծում, դուք ասացիք, որ բոլոր մարզերում այսօր համարում եք, որ դեռեւս վաղ է, բայց մենք կարող ենք կարեւոր մի քանի մարզերում դա անել։	Y	մարզերում	2099	    2,645	0.0053	667.1071	arm_news_2013_00547101
12071	Այսօր հանրապետության բոլոր մարզերում, այդ թվում եւ Լոռիում, լուրջ խնդիր է եւ..	Y	մարզերում	2099	    2,645	0.0053	667.9091	arm_news_2013_00162949
12072	Նրա՝ ընտրությունների մասնակցության մեջ լավ բան չեմ տեսնում, բայց, ըստ օրենքի, կարող է մասնակցել։	Y	մասնակցության	2100	    2,644	0.0053	294.2857	arm_news_2017_00768981
12073	Ռուսաստանի նախագահը նաև ասել է, թե դեռ չի որոշել նախագահական հաջորդ ընտրություններին իր մասնակցության հարցը։	Y	մասնակցության	2100	    2,644	0.0053	415	arm_news_2013_00871241
12074	«Բնական է, որ սա մասնակցության առումով սա լայն հնարավորություն է տալիս։	Y	մասնակցության	2100	    2,644	0.0053	517.7778	arm_news_2017_00243551
12075	«Ազատ և արդար ընտրություններ կարող են լինել միայն առանց Հանրապետական կուսակցության մասնակցության»..	Y	մասնակցության	2100	    2,644	0.0053	635.6667	arm_news_2017_00074458
12076	ՀՅԴ–ն այդպես էլ պաշտոնապես չի հայտարարել քվեարկության մասնակցության հետ կապված իր դիրքորոշումը։	Y	մասնակցության	2100	    2,644	0.0053	699.2308	arm_news_2013_00632781
12077	Ամեն անգամ մենք ԵԽԽՎ-ին ենք ներկայացնում, թե ինչ աշխատանքներ ենք կատարել ու կատարում այս ընթացքում.	Y	եխխվ	2101	    2,642	0.0053	352.9333	arm_news_2013_00098546
12078	Կարդալ ավելին » «ԵԽԽՎ-ում ես ունեցել եմ ոչ թե 1, այլ 5 ելույթ».	Y	եխխվ	2101	    2,642	0.0053	419.9091	arm_news_2015_00541509
12079	Իսկ ո՞վ ինչ իրավունք ունի: Երբ Հայաստանը և Ադրբեջանը ԵԽԽՎ-ի անդամ են, ապա ըստ նրանց կանոնակարգի՝ ցանկացած խնդիր կարող է առաջադրվել և քննարկվել։	Y	եխխվ	2101	    2,642	0.0053	551.875	arm_news_2017_00460317
12080	«Իմ բացակայությունը ԵԽԽՎ-ում ՀՀ-ի համար անհրաժեշտություն էր»: Իսկ Ձեր բացակայությունը ի՞նչ տվեց ՀՀ-ին մեր մեկ այլ հարցին` պարոն Հովհաննիսյանը պատասխանեց.«	Y	եխխվ	2101	    2,642	0.0053	607.4762	arm_news_2013_00443462
12081	Ոչինչ չի փոխվել, այդ մարդիկ Հայոց ղեկավարների վրա Մոսկվա էին գրում, հիմա գրում են Ստրասբուրգ «Ես կարծում եմ, որ ԵԽԽՎ–ում շատ ավելի կարևոր բան է տեղի ունեցել, քան Զարուհու հարցը։	Y	եխխվ	2101	    2,642	0.0053	611.6333	arm_news_2013_00801011
12082	Եթե ձեզ ինչ-որ բան դուր չի գալիս, երկու տարբերակ ունեք՝ ընդունել դա կամ փոխել։	Y	ունեք	2101	    2,642	0.0053	448.3333	arm_news_2017_00313432
12083	Դուք ունեք ազատ ընտրության իրավունք, եւ միայն դուք եք պատասխանատու ձեր կյանքի համար։	Y	ունեք	2101	    2,642	0.0053	516.25	arm_news_2015_00330824
12084	Եթե Դուք որոշակի խնդիրներ ունեք, կարող եք օգնել այլ մարդկանց լուծել իրենց խնդիրները։	Y	ունեք	2101	    2,642	0.0053	528.6923	arm_news_2015_00343253
12085	Մեծ հաշվով, Աստված ձեր հետ, դուք ավելի կարիք ունեք Աստծո։	Y	ունեք	2101	    2,642	0.0053	577.6	arm_news_2015_00686337
12086	«Ի՞նչ կարծիք ունեք Քրիստոսի մասին, ո՞ւմ որդին է»։	Y	ունեք	2101	    2,642	0.0053	763.5	arm_news_2013_00452616
12087	Եվ, իհարկե, դա կարելի է անել երկխոսության միջոցով»,- ասել է նա։	Y	երկխոսության	2102	    2,640	0.0053	333.4	arm_news_2015_00373019
12088	Առաջին անգամ չէ, որ հանրապետության նախագահը կոչ է անում երկխոսության։	Y	երկխոսության	2102	    2,640	0.0053	357.8	arm_news_2015_00205393
12089	«Մենք համարում ենք, որ միշտ էլ կան երկխոսության համար թեմաներ, որոնք ունեն կարևոր նշանակություն երկրի համար։	Y	երկխոսության	2102	    2,640	0.0053	454.4667	arm_news_2017_00681267
12090	Բայց դեռ այն ժամանակ էլ մենք ասում էինք, որ պետք չէ պատրանքներ ունենալ երկխոսության հետ։	Y	երկխոսության	2102	    2,640	0.0053	525.1333	arm_news_2013_00231394
12091	Այդ պատճառով էլ նա մինչև այսօր լռում է, ժողովրդի հետ ուղիղ երկխոսության չի գնում։	Y	երկխոսության	2102	    2,640	0.0053	527.2857	arm_news_2015_00122900
12092	Իսկ տղամարդկանց համար այդ նույն ընկերությունը մի միջոց է, որը թույլ է տալիս նվաճել աշխարհը։	Y	նվաճել	2103	    2,639	0.0053	492.9286	arm_news_2013_00482247
12093	Բայց չեմ կարող հստակ ասել՝ այո, ես պատրաստ եմ մեդալ նվաճել։	Y	նվաճել	2103	    2,639	0.0053	647.1818	arm_news_2013_00237090
12094	Հասկանալի է, որ ցանկալի է մեդալ նվաճել, բայց եթե չի ստացվում, ի՞նչ կարող ենք անել։	Y	նվաճել	2103	    2,639	0.0053	678.2667	arm_news_2015_00603085
12095	«Մեզ այս տարի մեկ մրցանակ է պակասում, և մենք մտադիր ենք նվաճել այն։	Y	նվաճել	2103	    2,639	0.0053	720.7692	arm_news_2013_00677583
12096	«Կարծում եմ, որ հաջորդ տարի մենք ի վիճակի ենք նվաճել 6 տիտղոս։	Y	նվաճել	2103	    2,639	0.0053	735.8182	arm_news_2013_00535341
12097	«Ես կարող եմ հենց հիմա զանգահարել Արամ Սարգսյանին եւ ասել՝ էդ ի՞նչ եք անում առանց մեզ» Այսօր Aravot.	Y	զանգահարել	2104	    2,637	0.0053	433.5263	arm_news_2013_00345302
12098	Նրան չի կարելի զանգահարել հեռախոսով, և ես կարող եմ նրա հետ հանդիպել միայն 6 օր անց։	Y	զանգահարել	2104	    2,637	0.0053	484.5333	arm_news_2015_00787088
12099	Ինձ զանգահարել են, եւ ասել եմ, որ դա չի համապատասխանում իրականությանը։	Y	զանգահարել	2104	    2,637	0.0053	544.2727	arm_news_2013_00446759
12100	Փետրվարի 13-ին, ժամը 16:30-ին ոստիկանության Երևան քաղաքի Մաշտոցի բաժին է զանգահարել 1987թ.	Y	զանգահարել	2104	    2,637	0.0053	623.9091	arm_news_2015_00969320
12101	Ես էլի եմ ասում, այդ մասին իմացել եմ, երբ մեկ ուրիշ լրագրող է ինձ զանգահարել»։	Y	զանգահարել	2104	    2,637	0.0053	644.7143	arm_news_2015_00359165
12102	Նրանք ասել են ավելի վատ բան՝ ինձ անվանել են հայ.	Y	անվանել	2105	    2,635	0.0053	338.3333	arm_news_2015_00789738
12103	Ինչպե՞ս անվանել կառավարությունը, որը, ըստ ընդդիմության, կարող է, բայց չի ուզում։	Y	անվանել	2105	    2,635	0.0053	393.0833	arm_news_2015_00465643
12104	Սակայն անհնար է դրանք կատարյալ անվանել, քանի որ կարող էր ավելի լավ լինել։	Y	անվանել	2105	    2,635	0.0053	535.5385	arm_news_2017_00870506
12105	Դրանց քաղաքական գործունեությունը, եթե կարելի է դա այդպես անվանել, բացարձակ այլ ուղղությամբ է ընթանում։	Y	անվանել	2105	    2,635	0.0053	565.4615	arm_news_2015_00337253
12106	Այս պահին ապրում եմ քաղաքացիական ամուսնուս հետ (եթե դա կարելի է այդպես անվանել)։	Y	անվանել	2105	    2,635	0.0053	607	arm_news_2015_00166333
12107	ՀՀ աշխատանքի և սոցիալական հարցերի նախարարությունը 2014 թվականի օգոստոսի 21-ի Panorama.	Y	panorama	2106	    2,634	0.0053	538.3	arm_news_2015_00636227
12108	«Ինձ հետ նման խոսակցություն չի եղել և վերջ` սա կարող եմ ասել այս պահի դրությամբ»,-Panorama.	Y	panorama	2106	    2,634	0.0053	655	arm_news_2013_00447982
12109	Ի դեպ, այս մասին հայկական շատ լրատվամիջոցներ են գրել, սակայն հետագայում, Panorama.	Y	panorama	2106	    2,634	0.0053	675.3333	arm_news_2015_00447528
12110	Panorama.am 17,191 այցելություն, 2014-06-16-ին «Դեմ առ դեմ», «Եվրոպան եւ մենք» և «Կյանքը լուսանցքում.	Y	panorama	2106	    2,634	0.0053	701.4167	arm_news_2013_00067058
12111	«Տեր–Պետրոսյանը քաղաքական պատասխանատվություն է կրում 10 զոհերի համար» «Լևոն Տեր-Պետրոսյանի թիկնազորի պետը կարող էր ասել, որ ես ընդհանրապես, մարտի 1-ին Հայաստանում չեմ եղել և դա ամենևին չի նշանակում, որ այդպես է եղել», -Panorama.	Y	panorama	2106	    2,634	0.0053	724.9667	arm_news_2013_00950041
12112	Մի խոսքով, ես չեմ ասում թե մեր համագործակցության արդյունքը պետք է լինի վաղը, կամ մյուս տարի..	Y	արդյունքը	2107	    2,633	0.0053	322.8125	arm_news_2013_00707925
12113	Սա շատ դժվար էր, բայց արդյունքը բավականին լավ է ստացվում։	Y	արդյունքը	2107	    2,633	0.0053	459.2	arm_news_2015_00897686
12114	«Այս համագործակցության արդյունքը շատ կարեւոր է երկու կողմերի համար էլ.	Y	արդյունքը	2107	    2,633	0.0053	539.1	arm_news_2013_00142119
12115	Այն կարող է լինել խնդիրը, որը պետք է լուծել, ցանկալի արդյունքը, կամ ցանկացած այլ նպատակ։	Y	արդյունքը	2107	    2,633	0.0053	555.2143	arm_news_2015_00135368
12116	Բոլոր դեպքերում ես գնահատում եմ, անկախ նրանից, որ արդյունքը բացասական է լինի։	Y	արդյունքը	2107	    2,633	0.0053	603.4167	arm_news_2015_00275161
12117	Դա ի՞նչ է նշանակում»,-«Ա1+»-ի հարցին ի պատասխան այսօր ասաց մշակույթի նախարար Հասմիկ Պողոսյանը։	Y	հասմիկ	2108	    2,630	0.0053	497.0714	arm_news_2013_00292734
12118	Հասմիկ Պողոսյանի մասին ոչ մի վատ բան չեմ ասի, որովհետև նա արդեն նախարար չէ։	Y	հասմիկ	2108	    2,630	0.0053	645.2857	arm_news_2017_00584052
12119	Դե լավ, ընկեր Հասմիկ, ի՞նչ մի մեծ տարբերություն ա..	Y	հասմիկ	2108	    2,630	0.0053	668.1	arm_news_2013_00301457
12120	Հասմիկ- Իրոք, ֆինանսը կարևոր է։ Ինձ էլ շատ բան ճիշտ չի թվում։	Y	հասմիկ	2108	    2,630	0.0053	727.1667	arm_news_2015_00603637
12121	Նրա կինը՝ Հասմիկ Մարտիրոսյանը, 2011թ-ին նվեր է ստացել 216 հազար դրամ։	Y	հասմիկ	2108	    2,630	0.0053	743.7273	arm_news_2017_00770383
12122	«Չգիտեմ, այդ 20 %-ը որտեղից եք վերցրել, ո՞վ է ձեզ նման բան ասել։	Y	վերցրել	2108	    2,630	0.0053	475.1538	arm_news_2013_00829960
12123	Իր ձեռքով բերել է, իր ձեռքով էլ եկել հետ վերցրել» ։	Y	վերցրել	2108	    2,630	0.0053	647.875	arm_news_2013_00491122
12124	Ի դեպ` այս աշխատանքների իրականացման ֆինանսավորման հարցը Սերժ Սարգսյանն իր վրա է վերցրել։	Y	վերցրել	2108	    2,630	0.0053	670.4615	arm_news_2013_00438458
12125	Պարզապես նշում եք, որ ի՞նչու եմ ես 2007-ի համար վերցրել 80433 դրամ թիվը։	Y	վերցրել	2108	    2,630	0.0053	681.5	arm_news_2015_00857370
12126	Մոտ երկու տարի դադար էր վերցրել, չնայած՝ այդ ընթացքում որպես մարզիչ էր աշխատում։	Y	վերցրել	2108	    2,630	0.0053	683	arm_news_2017_00718631
12127	Այնպիսի տպավորություն է, որ ՀՀԿ-ն այս փուլում այնքան էլ ակտիվ չէ։	Y	տպավորություն	2108	    2,630	0.0053	407.75	arm_news_2013_00130129
12128	Այնպիսի տպավորություն է, թե հենց այդպես էլ պետք է լիներ։	Y	տպավորություն	2108	    2,630	0.0053	476.2222	arm_news_2017_00121022
12129	Ինձ մոտ տպավորություն է ստեղծվել, որ նա, այս կյանքում, մինչև հիմա դեռ որպես անձ չի կայացել։	Y	տպավորություն	2108	    2,630	0.0053	517.0625	arm_news_2015_00457514
12130	Միշտ փորձել եմ ավելի լավ տպավորություն ունենալ հայաստանյան բարձրագույն իշխանությունների մասին..	Y	տպավորություն	2108	    2,630	0.0053	613.9091	arm_news_2013_00714683
12131	Այ այս տեսակ տպավորություն էր: Գրառմանը 1 հոգի շնորհակալություն է հայտնել.	Y	տպավորություն	2108	    2,630	0.0053	755.4	arm_news_2013_00106434
12132	Կարելի է ասել, նրանք հանդես էին գալիս սեփական հարկի տակ։	Y	հարկի	2109	    2,629	0.0053	352.6	arm_news_2017_00513553
12133	Այդ առումով նրանք մեզ նման են, քանի որ Հայաստանի հավաքականն էլ շատ ավելի լավ է խաղում սեփական հարկի տակ։	Y	հարկի	2109	    2,629	0.0053	416.4737	arm_news_2013_00107502
12134	Հիշեցնենք, որ այս տարվա հոկտեմբերի 1-ից ուժի է մեջ մտնում «Շրջանառության հարկի մասին» ՀՀ նոր օրենքը։	Y	հարկի	2109	    2,629	0.0053	553	arm_news_2015_00631693
12135	Ինքը նույնպես, հենց նույն հարկի տակ է։ Այնպես որ, ասածդ իրեն էլ է վերաբերում։	Y	հարկի	2109	    2,629	0.0053	651.6154	arm_news_2013_00466632
12136	Չորս տարի են ապրել միասին, բայց բաժանվելուց հետո էլ միշտ կապի մեջ են եղել, և Ռոբերտը NBC News-ին ասել է. «Նա լավ մայր էր ու մշտապես փորձում էր օգնել մարդկանց, անգամ տեղ էր տալիս իր հարկի տակ»։	Y	հարկի	2109	    2,629	0.0053	698.0286	arm_news_2017_00829443
12137	Իսկ Դուք համարում եք, որ հոգին կարող է գոյություն ունենալ առանց մարմնի, այսինքն`առանց որևէ նյութական միջավայրի։	Y	միջավայրի	2109	    2,629	0.0053	573.5	arm_news_2013_00473413
12138	Սա միանշանակ է։ Այսինքն՝ երբ մենք խոսում ենք տնտեսական եւ սոցիալական խնդիրների մասին, հստակ գիտակցում ենք դրանց կապը այն միջավայրի հետ, որտեղ մենք գտնվում ենք։	Y	միջավայրի	2109	    2,629	0.0053	590.6364	arm_news_2017_00878044
12139	42 տարի շարունակ բոլոր եվրոպական երկրներում հունիսի 5-ը նշվում է որպես Շրջակա միջավայրի համաշխարհային օր: Օրը պատահական չի ընտրվել, քանի որ հենց 1972թ.	Y	միջավայրի	2109	    2,629	0.0053	612.2273	arm_news_2015_00038673
12140	Միջավայրի վիճակը մեր մոտ վատ է։ Ու դա նույնպես կարող էր միջավայրի մի մասնիկ դառնալ։	Y	միջավայրի	2109	    2,629	0.0053	627.5714	arm_news_2017_00707586
12141	ՄԱԿ-ի կողմից հունիսի 5-ը ընդունվել է որպես շրջակա միջավայրի պահպանության համաշխարհային օր, իսկ ՀՀ կառավարության կողմից 2004թ.	Y	միջավայրի	2109	    2,629	0.0053	640.9412	arm_news_2013_00659808
12142	Մշտապես պետության ու ժողովրդի կողքին 2002 թվականի մայիսի 25-ին տեղի է ունեցել Հայաստան համահայկական հիմնադրամի հոգաբարձուների խորհրդի 11-րդ նիստը, որը վարել է ՀՀ նախագահ, Հիմնադրամի հոգաբարձուների խորհրդի նախագահ Ռոբերտ Քոչարյանը: 1998թ.	Y	համահայկական	2110	    2,624	0.0053	605.16	arm_news_2013_00723261
12143	Մշտապես պետության ու ժողովրդի կողքին 2002 թվականի մայիսի 25-ին տեղի է ունեցել Հայաստան համահայկական հիմնադրամի հոգաբարձուների խորհրդի 11-րդ նիստը, որը վարել է ՀՀ նախագահ, Հիմնադրամի հոգաբարձուների խորհրդի նախագահ Ռոբերտ Քոչարյանը: 04.12.2008.	Y	համահայկական	2110	    2,624	0.0053	629.1667	arm_news_2013_00723255
12144	Կառավարության ղեկավարը խոսել է նաև «Լույս» հիմնադրամի ու Համահայկական բանկի ստեղծման մասին.	Y	համահայկական	2110	    2,624	0.0053	677.75	arm_news_2015_00537279
12145	Այլ բան է, որ եղել են համահայկական մի քանի կառույցներ, որոնք հենց իրենք են ցանկացել այս կամ այն ծրագրի մասնակից դառնալ, մենք էլ սիրով համաձայնել ենք։	Y	համահայկական	2110	    2,624	0.0053	710.44	arm_news_2015_00128698
12146	Մշտապես պետության ու ժողովրդի կողքին 2002 թվականի մայիսի 25-ին տեղի է ունեցել Հայաստան համահայկական հիմնադրամի հոգաբարձուների խորհրդի 11-րդ նիստը, որը վարել է ՀՀ նախագահ, Հիմնադրամի հոգաբարձուների խորհրդի նախագահ Ռոբերտ Քոչարյանը: Ռոբերտ Քոչարյան.	Y	համահայկական	2110	    2,624	0.0053	713.2	arm_news_2013_00723266
12147	Արդյունքում՝ ավելացել է նաև այն մարդկանց թիվը, ովքեր ցանկանում են սեփական կայք ունենալ։	Y	ավելացել	2111	    2,622	0.0053	461.7692	arm_news_2015_00230342
12148	Նա նշեց, որ վերջին շրջանում Հայաստանը չի ունեցել տնտեսական ինքնուրույն քաղաքականություն եւ նույնիսկ ավելացել է արտաքին տնտեսական կախվածությունը։	Y	ավելացել	2111	    2,622	0.0053	623.9412	arm_news_2013_00752485
12149	Հ.Գ.։ Վերջին տարիներին Հայաստանի արտաքին պարտքն ավելացել է մի քանի անգամ։	Y	ավելացել	2111	    2,622	0.0053	649.8333	arm_news_2015_00614572
12150	Արդյունքում՝ ավելացել է նաև այն մարդկանց թիվը, ովքեր ցանկանում են սեփական կայքն ունենալ։	Y	ավելացել	2111	    2,622	0.0053	654.4615	arm_news_2015_00230341
12151	ՌԴ և ՀՀ միջև ապրանքաշրջանառությունը ավելացել է ավելի քան 10%-ով և կազմել է մոտ 1,445 մլրդ.	Y	ավելացել	2111	    2,622	0.0053	658.5385	arm_news_2013_00864477
12152	1 Շնորհակալ եմ՝ ամբողջովին ինձ հետ անկեղծ լինելու համար, նույնիսկ այն ժամանակ, երբ չեմ ուզում դա լսել։	Y	ամբողջովին	2112	    2,621	0.0053	464.25	arm_news_2015_00015186
12153	Սակայն ես չեմ կարող ասել, թե մենք ամբողջովին համաձայնության ենք հասել։	Y	ամբողջովին	2112	    2,621	0.0053	480.8182	arm_news_2013_00878348
12154	Հայկ այստեղ տեսնում ես մի տեղ, որտեղ գրված է ամբողջովին..	Y	ամբողջովին	2112	    2,621	0.0053	606.7	arm_news_2015_00590194
12155	Բայց սա, ի դեպ, չի նշանակում, թե հանրապետականներն ամբողջովին Սերժ Սարգսյանի «կողմից են»։	Y	ամբողջովին	2112	    2,621	0.0053	611.6154	arm_news_2015_00255323
12156	Ես ու դու ամբողջովին տարբեր մարդիկ ենք,թեկուզ հենց այն պատճառով, որ Դու ապրում ես միայն խոսքերով, իսկ ես` զգացմունքներով..	Y	ամբողջովին	2112	    2,621	0.0053	654.0588	arm_news_2015_00364438
12157	Շենքը դեռ մեկ տարի առաջ կառուցված պետք է լիներ, սակայն շենքը պատրաստ չի։	Y	շենքը	2112	    2,621	0.0053	536.4167	arm_news_2013_00792697
12158	Շենքը նախատեսված է չորս խմբի համար, որոնք գործում են լիարժեք.	Y	շենքը	2112	    2,621	0.0053	543.6	arm_news_2015_00801250
12159	«Այս շենքը կառուցվել է իմ սեփական հողի վրա։ 8 տարի է` մենք մնացել ենք առանց տուն։	Y	շենքը	2112	    2,621	0.0053	596.3571	arm_news_2015_00165300
12160	Մոտ 300 մարդ պաշարել էին կառավարության շենքը և ուզում էին, ո՛չ պահանջում էին՝ լսել իրենց։	Y	շենքը	2112	    2,621	0.0053	713.9231	arm_news_2015_00730810
12161	Այլ կերպ ասած, վերջին մի քանի տարիների ընթացքում կառավարության շենքը պաշարող նույն մարդիկ էին, նույն պահանջները։	Y	շենքը	2112	    2,621	0.0053	730.4667	arm_news_2015_00129379
12162	Բայց որ լավ մտածում ես՝ իսկ ուրիշ ո՞նց էր լինելու։	Y	նց	2113	    2,620	0.0053	350.7273	arm_news_2017_00225621
12163	Ո՞նց է ստացվում որ այնքան շատ են այդպես անում։	Y	նց	2113	    2,620	0.0053	417.9	arm_news_2015_00807790
12164	Չես հասկանում՝ ի՞նչ են խոսում, ո՞նց են մտածում, ի՞նչ են ընդհանրապես անում։	Y	նց	2113	    2,620	0.0053	519	arm_news_2017_00823792
12165	Այդ 500-ի մեջ նկատի ունեք նաև նրա՞նց, թե՞ ոչ։	Y	նց	2113	    2,620	0.0053	567.6	arm_news_2017_00099304
12166	Էլ ինչի՞ մասին է խոսքը, էլ ո՞նց արտահերթ ընտրություն լինի»։	Y	նց	2113	    2,620	0.0053	676.1	arm_news_2015_00410450
12167	Դուք դեռ չեք որոշել, թե որտեղ եք անցկացնելու Նոր տարին?	Y	անցկացնելու	2114	    2,619	0.0053	484	arm_news_2015_00329875
12168	Ընթանում է Հայաստանի պուտինիզացիա Նոր տարին անցկացնելու եմ տանը`իմ երեխաների հետ.	Y	անցկացնելու	2114	    2,619	0.0053	532.25	arm_news_2013_00407343
12169	Իսկ ՍերԺ Սարգսյանը պնդում էր, թե 80%-ը դեմ է, բայց օրենքն անցկացնելու ենք։	Y	անցկացնելու	2114	    2,619	0.0053	553.6154	arm_news_2013_00481726
12170	Գտնում եմ, որ 10 տարին էլ արդեն բավական շատ է նույն թիմում անցկացնելու համար։	Y	անցկացնելու	2114	    2,619	0.0053	605	arm_news_2013_00288091
12171	Այնպես է ստացվել, որ վերջին 25 տարիների ընթացքում առաջին անգամ իմ ընտանիքի անդամների մեծ մասը գտնվում է Մոսկվայում, և ես մեկնում եմ Մոսկվա իմ ընտանիքի հետ անցկացնելու այս տարվա Ամանորը։	Y	անցկացնելու	2114	    2,619	0.0053	615.1154	arm_news_2015_00140287
12172	Նրանք երեկ նաեւ իրենց հետ բերել էին այն նամակը, որի էլեկտրոնային տարբերակը չէր ընդունել ԱԳՆ-ն.	Y	նամակը	2115	    2,618	0.0053	452.5625	arm_news_2015_00790411
12173	Video Ես կես տարի է այդ նամակը գրում եմ և գիտեմ՝ ինչի համար եմ դա արել.	Y	նամակը	2115	    2,618	0.0053	478.8	arm_news_2013_00073796
12174	Նամակը ստորագրել էին ՀՀ ավելի քան հազար հինգ հարյուր ք..	Y	նամակը	2115	    2,618	0.0053	702.3	arm_news_2013_00749700
12175	Նամակը ստորագրել էին Հայաստանի ավելի քան հազար հինգ հարյուր քաղաքացի։	Y	նամակը	2115	    2,618	0.0053	813.1	arm_news_2015_00753851
12176	Նամակը ստորագրել էին ավելի քան հազար հինգ հարյուր ՀՀ քաղաքացի։	Y	նամակը	2115	    2,618	0.0053	814.4	arm_news_2015_00753850
12177	Կարող եմ տեղերն էլ ասել, թե որտեղ են դրանք տեղակայված Ադրբեջանի ամբողջ տարածքում։	Y	տեղակայված	2116	    2,616	0.0052	604.4615	arm_news_2017_00520427
12178	Քննարկվել են ՀՀ տարածքում տեղակայված ՌԴ 102-րդ ռազմակայանի գործունեության հետ կապված հարցեր Ս/թ.	Y	տեղակայված	2116	    2,616	0.0052	740.1429	arm_news_2013_00982919
12179	Մինասյանը վստահ է, որ այս հայտարարությունը վերաբերում է ոչ թե հայկական զինված ուժերին ամբողջությամբ, այլ միայն մեր երկրում տեղակայված ՀԱՊԿ ուժերին։	Y	տեղակայված	2116	    2,616	0.0052	746.1053	arm_news_2015_00715148
12180	Վերջին տասը տարում բանկի մասնաճյուղի թիվը հասել է 49–ի, որոնք տեղակայված են հանրապետության ողջ տարածքում ($1 – 411,69 դրամ)։	Y	տեղակայված	2116	    2,616	0.0052	753.5625	arm_news_2013_00930526
12181	Այսօր նախատեսված է նաև ՌԴ նախագահի այցելությունն այս երկրում տեղակայված 201-րդ ռուսական ռազմաբազա։	Y	տեղակայված	2116	    2,616	0.0052	797.3846	arm_news_2013_00163852
12182	Ավելին, նրանք անգամ չեն ցանկանում մեկնաբանություն տալ նոր նախագծի հետ կապված։	Y	մեկնաբանություն	2117	    2,614	0.0052	403.4545	arm_news_2017_00189731
12183	Եթե դրա վերաբերյալ է հարցազրույցը, հիմա ես չեմ ուզում որևէ մեկնաբանություն տալ։	Y	մեկնաբանություն	2117	    2,614	0.0052	441.8333	arm_news_2013_00326248
12184	«Մենք մոտ 1900 մեկնաբանություն ենք ստացել Facebook–ում և փորձել ենք պատասխանել բոլորին։	Y	մեկնաբանություն	2117	    2,614	0.0052	564.0909	arm_news_2013_00689717
12185	ԲՀԿ-ից երեկ այս կապակցությամբ որևէ պաշտոնական մեկնաբանություն ստանալ չի հաջողվել։	Y	մեկնաբանություն	2117	    2,614	0.0052	619.2727	arm_news_2013_00253264
12186	«ԲՀԿ-ից երեկ այս կապակցությամբ որեւէ պաշտոնական մեկնաբանություն ստանալ չի հաջողվել։	Y	մեկնաբանություն	2117	    2,614	0.0052	650.6364	arm_news_2013_00253263
12187	Մինչ այդ, մեր ունեցած տեղեկություններով, Հովիկ Աբրահամյանը հանդիպում է ունեցել ՀՀ նախկին նախագահ Ռոբերտ Քոչարյանի հետ։	Y	տեղեկություններով	2118	    2,613	0.0052	419.4375	arm_news_2017_00702751
12188	«Ժամանակ» «Ժամանակ» թերթը գրում է. ««Ժամանակի» տեղեկություններով՝ Սերժ Սարգսյանի ղեկավար..	Y	տեղեկություններով	2118	    2,613	0.0052	568.4444	arm_news_2013_00432676
12189	«Հայկական ժամանակ» «Հայկական ժամանակ»-ը գրում է. ««ՀԺ»-ի տեղեկություններով, առաջիկայում մի շարք հայաստանյան..	Y	տեղեկություններով	2118	    2,613	0.0052	598.5833	arm_news_2015_00588484
12190	«Ժողովուրդ»-ի տեղեկություններով՝ այժմ խնդիրը գտնվում է օրենսդրական կարգավորման փուլում»: Մանրամասն՝ թերթի այսօրվա համարում։	Y	տեղեկություններով	2118	    2,613	0.0052	752.1429	arm_news_2017_00417635
12191	«Ժողովուրդ» «Ժողովուրդ»-ի տեղեկություններով՝ խորհրդարանում առաջիկայում մի ուշագրավ նշանակում է սպասվում.	Y	տեղեկություններով	2118	    2,613	0.0052	917.5	arm_news_2015_00445685
12192	Դա էլ պետք է լինի: Ինչ-որ բաներ Նա այդպես է փոխում երկրի վրա: -Բայց ինչպե՞ս, Աստված ինչպե՞ս կարող է երկվության մեջ լինել։	Y	փոխում	2118	    2,613	0.0052	482.6667	arm_news_2013_00292194
12193	«Եթե նա փոխում է գինը, այդ դեպքում ես էլ իրավունք ունեմ փոխելու իմ գինը».	Y	փոխում	2118	    2,613	0.0052	532	arm_news_2015_00348337
12194	Բայց, ամեն դեպքում, եթե փաստեր կան, էդ արդեն ուրիշ բան ա փոխում, էլի։	Y	փոխում	2118	    2,613	0.0052	557.7692	arm_news_2013_00229206
12195	«Ոչ» — ասաց նա, — «երբ ես փոխում եմ, նկարներ չեն լինում»։	Y	փոխում	2118	    2,613	0.0052	565.5	arm_news_2017_00792887
12196	Ասում են նաև, որ երբ աղջիկը փոխում է սանրվածքը, ապա նրա կյանքում ևս փոփոխություններ են տեղի ունենում։	Y	փոխում	2118	    2,613	0.0052	657.75	arm_news_2017_00183798
12197	Ի՞նչ է դրա համար անհրաժեշտ, որ պետք է անի յուրաքանչյուր քաղաքացին։	Y	քաղաքացին	2118	    2,613	0.0052	343.0909	arm_news_2015_00459528
12198	Նրանք են՝ Հայաստանի 35-ամյա Հայաստանի քաղաքացին եւ Ռուսաստանի 30-ամյա քաղաքացին։	Y	քաղաքացին	2118	    2,613	0.0052	382.1429	arm_news_2017_00775010
12199	Հայաստանի Հանրապետության քաղաքացին միաժամանակ չի կարող լինել այլ պետության քաղաքացի։	Y	քաղաքացին	2118	    2,613	0.0052	487.2	arm_news_2013_00569748
12200	Հետո, ի՞նչ պետք է անի այդ քաղաքացին, երբ արդեն գումարը, այսպես ասած, «կորցրած» լինի»,-նշեց նա։	Y	քաղաքացին	2118	    2,613	0.0052	508.1176	arm_news_2017_00602313
12201	Բայց սա ոչ թե քաղաքացին է մեղավոր, այլ քաղաքական համակարգը։	Y	քաղաքացին	2118	    2,613	0.0052	511.9	arm_news_2013_00237662
12202	Ասեմ, որ Ադրբեջանը արդեն մի քանի տարի է ինչ ունի նման մարմին։	Y	մարմին	2119	    2,612	0.0052	362.0833	arm_news_2017_00182555
12203	Եվ գիտեք, որ ունենք օրենքով ստեղծված մարմին, որը պատասխանատու է այդ խնդիրների համար։	Y	մարմին	2119	    2,612	0.0052	631.2308	arm_news_2013_00355693
12204	Արդեն վեց տարուց ավելի Հայաստանում գոյության ունի մի պետական մարմին, որի մասին հանրությանը շատ քիչ բան է հայտնի։	Y	մարմին	2119	    2,612	0.0052	713.4444	arm_news_2015_00229622
12205	Եթե որեւէ պետական կամ տեղական ինքնակառավարման մարմին ձեզ չի տրամադրել տեղեկատվություն, կարող եք դիմել Ինֆորմացիայի ազատության կենտրոն։ 2008թ.	Y	մարմին	2119	    2,612	0.0052	716.3889	arm_news_2015_00349139
12206	Հաշվել կարող է նաև ինքը, բայց դա իր աշխատանքը չէ, ասաց, որ մենք անկախ մարմին ունենք դրա համար: Հանրային ծառայությունները կարգավորող հանձնաժողովում այս հարցով դեռ չեն զբաղվում։	Y	մարմին	2119	    2,612	0.0052	725.9259	arm_news_2017_00580706
12207	Չէ՞ որ հենց 1995-ից մարդիկ սկսեցին ավելի ու ավելի հաճախ այլ կերպ հասկանալ ինքնավարությունը.	Y	սկսեցին	2120	    2,611	0.0052	692.9231	arm_news_2015_00841849
12208	Սկսեցին մի քանի տներ կառուցել, եւ ահա մենք 21 տարի է` գործում ենք։	Y	սկսեցին	2120	    2,611	0.0052	728.6667	arm_news_2013_00902999
12209	Առաջին հերթին սկսեցին խոսել ընտրությունների մասին, թե, իբր, նախագահ Սարգսյանն այդ նշանակմամբ ուզում է հասնել երկրի քաղաքական դաշտի էլ ավելի մեծ վերահսկողության։	Y	սկսեցին	2120	    2,611	0.0052	767.3636	arm_news_2015_00207104
12210	Եվ շուտով մեզ հետ սկսեցին հաշվի նստել թե՛ իշխանությունները, թե՛ հասարակական ու քաղաքական կազմակերպությունները։	Y	սկսեցին	2120	    2,611	0.0052	779.3846	arm_news_2015_00376177
12211	«Հա, ես հիմար եմ: Իսկ ի՞նչ կա դրա մեջ»: Մարդկանց նման մոտեցումը զարմացրեց ու նրանք սկսեցին խոսել իրար մեջ.	Y	սկսեցին	2120	    2,611	0.0052	798.8947	arm_news_2013_00552810
12212	Կարծում եմ` սա աշխարհի այն վայրերից է, ուր պետք է այցելել, հատկապես նրանք, ում համար ավտոմեքենան ավելին է, քան տրանսպորտի միջոց։	Y	ավտոմեքենան	2121	    2,610	0.0052	602.3684	arm_news_2013_00535657
12213	Այնպես որ՝ չեմ կարծում, թե մարզերի ավտոմեքենան ապահովագրական ընկերության համար ավելի եկամտաբեր է լինելու, քան Երևանի ավտոմեքենան։	Y	ավտոմեքենան	2121	    2,610	0.0052	749.4375	arm_news_2013_00129667
12214	Այսօր` շաբաթ, 21 հունիսի, 2014 թ. Արտարժույթի փոխարժեքն ըստ ԿԲ` 12:06, կիրակի, 17 փետրվարի, 2013 թ. որ այս ավտոմեքենան գտնվում էր հենց կենտրոնում: Երևան.	Y	ավտոմեքենան	2121	    2,610	0.0052	833.2222	arm_news_2013_00164056
12215	Նշվում է նաև, որ որոշ ժամանակ անց ոստիկանական ավտոմեքենան, այնուամենայնիվ, հայտնաբերվել է, սակայն հանցագործին գտնել այդպես էլ չի հաջողվել։	Y	ավտոմեքենան	2121	    2,610	0.0052	915.8889	arm_news_2013_00768182
12216	Այս տարվա հունվարի 15-ին նրա Բ.Մ.Վ մակնիշի ավտոմեքենան վթարի է ենթարկվել, ապահովագրական ընկերությունը չի փոխհատուցել։	Y	ավտոմեքենան	2121	    2,610	0.0052	922.1176	arm_news_2015_00172890
12217	«Մենք ընդհանուր շատ բան ունենք, ես իմ քաղաքական գործունեությունը սկսել եմ ձախ թևում, հետո տեղափոխվել եմ կենտրոն։	Y	ձախ	2122	    2,609	0.0052	633.9375	arm_news_2013_00687076
12218	Հայաստանը որևէ տեղ չի գնում` ո՛չ աջ, ո՛չ ձախ.	Y	ձախ	2122	    2,609	0.0052	636.5556	arm_news_2015_00576436
12219	Ինքը մի բարի մարդ է լինում, բայց ինչ գործ որ բռնում է՝ ձախ է գնում։	Y	ձախ	2122	    2,609	0.0052	640.1538	arm_news_2015_00476741
12220	Մի խոսքով՝ կա միայն սև և սպիտակ՝ «ով մեր հետ չէ, նա մեր դեմ է», «քայլ աջ, քայլ ձախ՝ գնդակահարություն» և այլն։	Y	ձախ	2122	    2,609	0.0052	681.1579	arm_news_2017_00699896
12221	Ես կարծում եմ, որ նրանք նույնն են, օրինակ ով «ձախ» է, կամ «աջ» է։ Որովհետեւ մինչեւ վերջ չեն գիտակցում ինչու են ընտրություն արել։	Y	ձախ	2122	    2,609	0.0052	688.8571	arm_news_2015_00360805
12222	Հիշում եմ, որ միայն ուզում էի հասնել դպրոցի մուտքի մոտ։	Y	մուտքի	2122	    2,609	0.0052	525.5	arm_news_2017_00612094
12223	Նրանք կանգնում են մուտքի մոտ և ինչ-որ բան քննարկում։	Y	մուտքի	2122	    2,609	0.0052	680.2	arm_news_2013_00783476
12224	«Այդ մարդիկ խոսում են իրենց և իրենց ընտանիքների անդամների ֆիզիկական անվտանգության մասին և ստանում են տարբեր երկրների մուտքի արտոնագրեր»,-ասել է նախարարը։	Y	մուտքի	2122	    2,609	0.0052	757.4737	arm_news_2015_00120597
12225	Սակայն դա պետք է անել ոչ թե ձեր, այլ ընկերոջ (ընկերուհու) տան շենքի մուտքի, իսկ ավելի լավ է բնակարանի մոտ։	Y	մուտքի	2122	    2,609	0.0052	761.2632	arm_news_2015_00886258
12226	Հիշեցնենք, որ հունվարի 31-ին՝ ժամը 23։30-ի սահմաններում զինված հարձակում է կատարվել Պ.Հայրիկյանի վրա իր իսկ տան մուտքի մոտ։	Y	մուտքի	2122	    2,609	0.0052	807	arm_news_2013_00622063
12227	«Հրապարակ» ԱՄՆ-ը չի կարող ասել, թե ով է Սիրիայում քիմիական զենք կիրառել.	Y	քիմիական	2123	    2,608	0.0052	609.2308	arm_news_2013_00645956
12228	Պետք է նշել, որ բնության մեջ քիմիական առումով մաքուր ջուր գոյություն չունի։	Y	քիմիական	2123	    2,608	0.0052	707.3333	arm_news_2017_00847267
12229	ԲՀԿ-ն մեկ այս կողմ է, մեկ` այն»: Քիմիական զենքը կիրառել են Սիրիայի իշխանությունները.	Y	քիմիական	2123	    2,608	0.0052	771	arm_news_2013_00253615
12230	Միայն Ռուսաստանի օգնությամբ մենք կարող ենք լուծել իրանական խնդիրը, ինչպես նաև Սիրիայի քիմիական զենքի ոչնչացման խնդիրը»,- ասել է նա։	Y	քիմիական	2123	    2,608	0.0052	826.6111	arm_news_2013_00703873
12231	Նշվում է նաեւ, որ ըստ Օբամայի, սիրիական հակամարտության մեջ շոշափվում են նաեւ ԱՄՆ-ի շահերը, եւ այն երկրները, որոնք խախտում են քիմիական զենքի օգտագործման միջազգային կանոնները, պետք է պատասխան տան դրա համար։	Y	քիմիական	2123	    2,608	0.0052	868.931	arm_news_2013_00768145
12232	Նա սիրում էր երեխաներին և նրանց հետ շատ ժամանակ էր անցկացնում։	Y	անցկացնում	2124	    2,607	0.0052	392.8	arm_news_2015_00759057
12233	Ինչպե՞ս է Վարդան անցկացնում իր օրը Երևանում (տեսանյութ) Ինչպե՞ս է Վարդան անցկացնում իր օրը Երևանում (տեսանյութ)..	Y	անցկացնում	2124	    2,607	0.0052	434.1111	arm_news_2015_00467636
12234	Օրս միշտ նրանց հետ եմ անցկացնում ու ինձ համար սա էր անակնկալ։	Y	անցկացնում	2124	    2,607	0.0052	570.9167	arm_news_2017_00991979
12235	Մի քանի օր շարունակ ու հերթական անգամ Կառավարության շենքի դիմաց բողոքի ակցիա էին անցկացնում ն..	Y	անցկացնում	2124	    2,607	0.0052	577.9333	arm_news_2015_00724581
12236	Նա ընտանիքի մարդ է, ազատ ժամանակի մեծ մասն անցկացնում է ընտանիքի հետ։	Y	անցկացնում	2124	    2,607	0.0052	579.6	arm_news_2015_00743351
12237	Չեմ հասկանում, թե ինչն ա մարդկանց խանգարում ասել Ես քեզ սիրում եմ բոլորին, ում սիրում են..	Y	խանգարում	2124	    2,607	0.0052	393.2667	arm_news_2013_00831835
12238	Ու իր մոտ բավականին լավ ստացվում է չնայած որ բոլորը խանգարում են։	Y	խանգարում	2124	    2,607	0.0052	432.3333	arm_news_2013_00818038
12239	Հաճախ հարցնում են՝ արդյո՞ք գեղեցիկ կին լինելը խանգարում է, թե ոչ, կարծում եմ, որ դա էլ չի խանգարում։	Y	խանգարում	2124	    2,607	0.0052	513.1111	arm_news_2017_00542635
12240	Կան բաներ, որոնք մեզ օգնում կամ խանգարում են դրա ընթացքում։	Y	խանգարում	2124	    2,607	0.0052	533.1	arm_news_2013_00523153
12241	Նպատակը, անշուշտ, բարի է, բայց ինչ-որ բան անընդհատ խանգարում էր։	Y	խանգարում	2124	    2,607	0.0052	675.1818	arm_news_2013_00775690
12242	Ի դեպ, արդեն քանի տարի է՝ մի նախագիծ էլ ես ունեմ։	Y	նախագիծ	2125	    2,605	0.0052	342.5455	arm_news_2013_00438703
12243	Դա խոշոր նախագիծ է, որը կրում է սոցիալական և տնտեսական բնույթ, և ունի կարևոր քաղաքական նշանակություն»,- նշել է Տիգրան Սարգսյանը։	Y	նախագիծ	2125	    2,605	0.0052	475.8824	arm_news_2015_00310258
12244	ՀՀ Կրթության և գիտության նախարարությունը հանրային քննարկման է ներկայացրել ՀՀ կառավարության որոշման նախագիծ.	Y	նախագիծ	2125	    2,605	0.0052	670.3333	arm_news_2013_00628981
12245	Մի շաբաթ առաջ կառավարությունն օրենքի նախագիծ էր բերել հասցրել Ազգային ժողովի քվեարկության։	Y	նախագիծ	2125	    2,605	0.0052	842.5	arm_news_2013_00713966
12246	Կարո՞ղ եք նմանատիպ մի օրինակ բերել, նմանատիպ մի նախագիծ ասել։	Y	նախագիծ	2125	    2,605	0.0052	853.1111	arm_news_2013_00537392
12247	Եվ ես մինչև հիմա չեմ կարողանում հասկանալ, թե նրանք ինչ են այստեղ առհասարակ անում»։	Y	առհասարակ	2126	    2,604	0.0052	350.6429	arm_news_2017_00338304
12248	Բայց դե, քաղաքականության մեջ և առհասարակ հանրային կյանքում միշտ չէ, որ պետք է ուղիղ խոսք ասել։	Y	առհասարակ	2126	    2,604	0.0052	416.5	arm_news_2015_00248370
12249	Չի կարելի ասել, թե ԱՄՆ-ն առհասարակ ոչ մի հաջողության չի հասել։	Y	առհասարակ	2126	    2,604	0.0052	468.4545	arm_news_2015_00843272
12250	«…Այստեղ ավելի լայն խնդիր կա կապված այսօրվա աշխարհի հետ առհասարակ».	Y	առհասարակ	2126	    2,604	0.0052	477.6	arm_news_2015_00173266
12251	Անդրադառնալով Ադրբեջանին, ասել է, որ նման ազգ, առհասարակ, գոյություն չունի։	Y	առհասարակ	2126	    2,604	0.0052	882.7	arm_news_2013_00168326
12252	Ես չեմ կարծում, որ դա ճիշտ է կամ բարոյական է»,- ասաց Մարգարյանը։	Y	մարգարյանը	2126	    2,604	0.0052	427	arm_news_2013_00350457
12253	Եվ ակնհայտ է նաեւ այն սերը, որ կա դեպի Տարոն Մարգարյանը։	Y	մարգարյանը	2126	    2,604	0.0052	626.1818	arm_news_2013_00353107
12254	Եվ ինչո՞ւ պիտի այդ ամենի համար պատասխան տա Տարոն Մարգարյանը։	Y	մարգարյանը	2126	    2,604	0.0052	728.7273	arm_news_2013_00357719
12255	Նրա խոսքերով, այսօր ոչ քաղաքապետ Տարոն Մարգարյանը, ոչ կառավարության ներկայացուցիչները չեն ցանկանում լսել իրենց.	Y	մարգարյանը	2126	    2,604	0.0052	742.1538	arm_news_2013_00777357
12256	Տարոն Մարգարյանը միաժամանակ շնորհակալություն է հայտնել լրագրողներին՝ Երևանի քաղաքապետարանի 2011թ.	Y	մարգարյանը	2126	    2,604	0.0052	852.7	arm_news_2013_00941497
12257	Ավելի ուշ հայտնի էր դարձել, որ զոհված 9-ամյա երեխան հայ չէ։	Y	զոհված	2127	    2,603	0.0052	442	arm_news_2015_00222626
12258	Նա եւս մեկ անգամ շնորհակալություն է հայտնել մեր հերոսներին, բոլորին՝ թե՛ զոհված, թե՛ ողջ եւ նրանց ծնողներին։	Y	զոհված	2127	    2,603	0.0052	755.4375	arm_news_2017_00728820
12259	«Կարենն ինձ համար զոհված չէ, քանի դեռ նրան հիշում եմ».	Y	զոհված	2127	    2,603	0.0052	782.8	arm_news_2017_00516640
12260	Ինչպես միշտ այս հինգշաբթի էլ կառավարության շենքի մոտ էին եկել խաղաղ պայմաններում ազգային բանակում զոհված զինծառայողներ..	Y	զոհված	2127	    2,603	0.0052	832.0625	arm_news_2013_00460273
12261	Մանուկյան«Սա կատաստրոֆա է Հայաստանի համար, ով ուզում է լինի իշխանության: Այս վիճակով այս ընթացքում երեք տարվա մեջ 190 հոգի խաղաղ պայմաններում զոհված..	Y	զոհված	2127	    2,603	0.0052	854.45	arm_news_2017_00658125
12262	Միայն այն համայնքները, որ 1900 մետր եւ բարձր, ստանում էին, իսկ դրանից ցածր՝ չէին ստանում։	Y	մետր	2128	    2,602	0.0052	742.8462	arm_news_2013_00702761
12263	Մեկ քառակուսի մետր էլ լինի, 10 հազար քառակուսի մետր էլ՝ մեզ համար կարեւոր է։ Մենք այնքան էլ շատ փաստաթղթեր չունենք։	Y	մետր	2128	    2,602	0.0052	780.3333	arm_news_2015_00689124
12264	«Խնդիրն այն է, որ նախկինում նրանց տվել են ասենք 20 հազար քառակուսի մետր։	Y	մետր	2128	    2,602	0.0052	822.3333	arm_news_2015_00519302
12265	Դրանք կարող են լինել մի քանի միլիմետրից մինչեւ մի քանի մետր։	Y	մետր	2128	    2,602	0.0052	824.8889	arm_news_2015_00337986
12266	Արդյունքում մեքենան մի քանի մետր առաջ է գնացել ու ընկել ջուրը։	Y	մետր	2128	    2,602	0.0052	833.1818	arm_news_2013_00213090
12267	Սարգիս Գրիգորյանը` կնոջ, երեխաների մասին և ոչ միայն Ինչ եք առաջինը տեսնում լուսանկարում 10 լուսանկար այն մասին, որ մենք ոչինչ չենք հասկանում այս կյանքում Ի՞նչ ես մտածում սիրո մասին.	Y	սարգիս	2129	    2,601	0.0052	578.6667	arm_news_2017_00882736
12268	Սարգիս Հովսեփյանը Հայաստանի ազգային հավաքականի մասին (տեսանյութ) Մեր օջախը ունի տեր և ես էլ իմ կյանքում միայն մեկ ղեկավար.	Y	սարգիս	2129	    2,601	0.0052	652.2105	arm_news_2017_00882911
12269	Այս մասին այսօր լրագրողների հետ հանդիպմանը հայտարարեց կուսակցության նախագահ Սարգիս Կարապետյանը։	Y	սարգիս	2129	    2,601	0.0052	679.2727	arm_news_2017_00134200
12270	Սարգիս Սարգսյանը ՀՀ ոստիկանության Արաբկիրի բաժնում հաղորդում է տվել այն մասին, որ 2013թ.	Y	սարգիս	2129	    2,601	0.0052	699	arm_news_2013_00889617
12271	Սարգիս Գրիգորյանը` կնոջ, երեխաների մասին և ոչ միայն Կնոջ ծննդյան ամիսը կհուշի, թե նրա հետ ինչ կյանք է ձեզ սպասվում Իմ կյանքը.	Y	սարգիս	2129	    2,601	0.0052	743.2381	arm_news_2017_00882739
12272	Որոշ տեղեկությունների համաձայն՝ իշխանությունները ցանկանում են այնպես կազմակերպել, որ «Ժողովուրդ».	Y	տեղեկությունների	2129	    2,601	0.0052	516.1	arm_news_2015_00818565
12273	Նույն տեղեկությունների համաձայն՝ Սերժ Սարգսյանը ՊՆ-ից մեկնել է միայն ուշ երեկոյան։	Y	տեղեկությունների	2129	    2,601	0.0052	588.5833	arm_news_2017_00766915
12274	Ըստ տեղեկությունների, այս ամենը իրականացվում է վարչապետ Տիգրան Սարգսյանի և ֆինանսների նախարար Դավիթ Սարգսյանի նախաձեռնությամբ։	Y	տեղեկությունների	2129	    2,601	0.0052	695.8571	arm_news_2013_00416490
12275	Ըստ որոշ տեղեկությունների՝ կուսակցության նախագահ, ՀՀ նախագահ Սերժ Սարգսյանն այսօր ՀՀԿ գործադիր նիստում ներկայացնում է Մոսկվա այցի մանրամասները։	Y	տեղեկությունների	2129	    2,601	0.0052	733.4118	arm_news_2017_00396300
12276	Արաբկիր վարչական շրջանում նախընտրական «գործընթացը» մեկնարկել է: Որոշ տեղեկությունների համաձայն՝ այս պայքարը թեժ է լինելու.	Y	տեղեկությունների	2129	    2,601	0.0052	919.3571	arm_news_2017_00193464
12277	Վստահ եմ, որ մեր հասարակության մեծ մասը հասկանում է՝ ինչ է անկախությունը։	Y	անկախությունը	2130	    2,598	0.0052	397.6364	arm_news_2013_00936060
12278	Մենք փորձում էինք ստանալ դրական այն ամենը, ինչ տալիս է անկախությունը։	Y	անկախությունը	2130	    2,598	0.0052	484.2727	arm_news_2015_00697914
12279	Այսօր ԱԺ-ն փորձ է կատարելու մեր անկախությունը վաճառքի դնել.	Y	անկախությունը	2130	    2,598	0.0052	738.3	arm_news_2015_00177680
12280	Լեռնային Ղարաբաղի Հանրապետության անկախությունը կայացած փաստ է եւ ենթակա չէ քննարկման։	Y	անկախությունը	2130	    2,598	0.0052	739.2727	arm_news_2013_00495596
12281	Իրանը կարող է ճանաչել Լեռնային Ղարաբաղի անկախությունը Կայքում տեղ գտած մտքերն ու տեսակետները հեղինակի սեփականությունն են և կարող են չհամընկնել BlogNews.	Y	անկախությունը	2130	    2,598	0.0052	787.1579	arm_news_2013_00487054
12282	«Անկեղծ և անմիջական չեն երևում, այլ լինում են, եթե համարում եք, որ ես անկեղծ ու անմիջական եմ, շնորհակալություն, եթե համարում եք, որ ես անկեղծ և անմիջական չեմ, էլի շնորհակալություն»։	Y	անմիջական	2130	    2,598	0.0052	411.1667	arm_news_2013_00171395
12283	Մանավանդ որ դա ոչ մի կերպ կապված չէ կազմակերպությունների անմիջական գործունեության հետ։	Y	անմիջական	2130	    2,598	0.0052	518	arm_news_2015_00670663
12284	Պուտինը նաեւ շնորհակալություն հայտնեց ՀՀ նախագահին՝ նշելով, թե՝ «անցած տարիներին Ձեր անմիջական մասնակցությամբ շատ բան է արվել հայ—ռուսական հարաբերությունների զարգացման ուղղությամբ՝ ինչպես տնտեսական, այնպես էլ քաղաքական ոլորտում»։	Y	անմիջական	2130	    2,598	0.0052	567.1071	arm_news_2015_00868077
12285	Մենք բաց ենք ու անկեղծ, ազատ ու անմիջական միմյանց հետ ու բոլորի առաջ։	Y	անմիջական	2130	    2,598	0.0052	596.7273	arm_news_2017_00678809
12286	Եվ սա բնական է, որովհետեւ Հայաստանը չի սիրում լինել այնտեղ, որտեղ իր անմիջական հարեւաններն են։	Y	անմիջական	2130	    2,598	0.0052	614.9333	arm_news_2015_00377503
12287	Բնական է, որ այն խնդիրները, որոնք հանրությանը հետաքրքրում են, կապված են 2018-ի հետ, ոչ թե 2017-ի։	Y	հանրությանը	2131	    2,597	0.0052	421.6429	arm_news_2017_00243468
12288	Այսինքն, սահմանադրական փոփոխությունները մի քանի հոգու են պետք, այլ ոչ թե հանրությանը։	Y	հանրությանը	2131	    2,597	0.0052	528.5	arm_news_2015_00155759
12289	Մենք մեր հանրությանը պետք է ներկայացնենք, թե այսօր ի՞նչ ենք արել այս հինգ տարիներին եւ ի՞նչ ենք անելու առաջիկա հինգ տարիների ընթացքում։	Y	հանրությանը	2131	    2,597	0.0052	537.5	arm_news_2013_00689395
12290	«Մենք բան չենք թաքցրել ու հանրությանը տեղեկացրել ենք նախագահի հետ հանդիպման մասին, լավ չէ՞»,– նշում են ՀՅԴ–ից։	Y	հանրությանը	2131	    2,597	0.0052	582.1667	arm_news_2013_00685728
12291	Սերժ Սարգսյանի նախընտրական ծրագիրը հասանելի կլինի հունվարի 19-ին Սերժ Սարգսյանի նախընտրական ծրագիրը հանրությանը հասանելի կլինի այս շաբաթ օրը՝ հունվարի 19-ին: Այդ մասին գրում է “այկական ժամանակ” թերթը։	Y	հանրությանը	2131	    2,597	0.0052	617	arm_news_2013_00895942
12292	Այդ շինարարության վրա նա արդեն ծախսել է մոտ 35 մլն դոլար։	Y	շինարարության	2131	    2,597	0.0052	606.2	arm_news_2015_00121618
12293	Տիգրան Սարգսյանը հենց այդպես էլ վարվել է․ հայտարարել է դպրոցի «համաշխարհային կրթական մեծ դերի» մասին՝ այն դեպքում, երբ դպրոցը չի էլ գործում, և հայտնի է միայն, որ շինարարության վրա արդեն 50մլն դոլար է ծախսվել։	Y	շինարարության	2131	    2,597	0.0052	633.8667	arm_news_2013_00951144
12294	Նա նշել է, թե Ռուսաստանին պետք են այն քաղաքացիները, որոնք պատրաստ են ցածր որակավորման աշխատանք կատարել, օրինակ՝ շինարարության ոլորտում։	Y	շինարարության	2131	    2,597	0.0052	668.0556	arm_news_2015_00756290
12295	Ինչպես վերջին բոլոր տարիներին, 2016-ին եւս, լուրջ աշխատանքներ են կատարվել կապիտալ շինարարության ոլորտում։	Y	շինարարության	2131	    2,597	0.0052	701.7692	arm_news_2017_00443755
12296	«Պետական իրավունքի և սովետական շինարարության», «Պետական և վարչական իրավունքի», «Սահմանադրական և միջազգային իրավունքի», իսկ 2006թ.	Y	շինարարության	2131	    2,597	0.0052	703.1	arm_news_2013_00853640
12297	«Այն որոշումը, որ ընդունեց Հայաստանի Հանրապետության նախագահը, կարևոր է Հայաստանի տնտեսության զարգացման համար։	Y	ընդունեց	2132	    2,596	0.0052	370.75	arm_news_2013_00126768
12298	1992 թվականի հունվարի 28-ին ՀՀ կառավարությունը ընդունեց որոշում «ՀՀ պաշտպանության նախարարության մասին»։	Y	ընդունեց	2132	    2,596	0.0052	416.8	arm_news_2017_00007499
12299	Նրան էլ էր Սարգսյանը մի բան խոստացել, բայց այլ որոշում ընդունեց։	Y	ընդունեց	2132	    2,596	0.0052	470.9091	arm_news_2015_00786508
12300	Նա ընդունեց իմ տեսակետը և ասաց, որ` այո, պետք է ավելի ակտիվ լինել։	Y	ընդունեց	2132	    2,596	0.0052	554.3077	arm_news_2015_00743330
12301	Էլ չեմ ասում, թե ինչ երկիր ընդունեց ու ինչ է հանձնում։	Y	ընդունեց	2132	    2,596	0.0052	632.9	arm_news_2015_00410722
12302	Եվ սա շատ կարեւոր է, քանի որ Քիմ Քարդաշյանի նման մարդիկ ոչ միայն կարծիք են ձեւավորում, այլեւ մեծ ազդեցություն ունենում դրա վրա։	Y	քիմ	2133	    2,594	0.0052	740.9091	arm_news_2015_00377608
12303	Մի խոսքով, պարզ է, թե ինչի է պատրաստ Քիմ Քարդաշյանը։	Y	քիմ	2133	    2,594	0.0052	750.2222	arm_news_2017_00700044
12304	Քիմ Քարդաշյանը կրկին կոչ է արել ճանաչել Հայոց ցեղասպանությունը Դու չես կարող իմանալ, թե ուր ես գնում, քանի չես խոստովանել, թե որտեղ ես եղել..	Y	քիմ	2133	    2,594	0.0052	800.3333	arm_news_2015_00982417
12305	Facebook-ի իր էջում Քիմ Քարդաշյանը, մասնավորապես, նշել է։ «Դա ճիշտ է, ես ու Քայնեն երեխայի ենք սպասում։	Y	քիմ	2133	    2,594	0.0052	804.2941	arm_news_2015_00064419
12306	Քիմ Քարդաշյան (լուսանկար) Մենք ավելի հեշտ ենք ապրում, երբ մեր անձնական կյանքը չեն քննարկում.	Y	քիմ	2133	    2,594	0.0052	821.8571	arm_news_2013_00981670
12307	Նա նաև նշել է, որ ՌԴ նախագահի հետ քննարկել են կարևոր միջազգային և տարածաշրջանային հարցեր, իրավիճակը Մերձավոր Արևելքում, սիրիական ճգնաժամը։	Y	մերձավոր	2134	    2,591	0.0052	703.5	arm_news_2017_00742536
12308	Ընթանում է Հայաստանի պուտինիզացիա Մերձավոր Արևելքում ԱՄՆ-ին հետաքրքրում է միայն երկու բան.	Y	մերձավոր	2134	    2,591	0.0052	755.6667	arm_news_2013_00407049
12309	Նա նշեց, որ Հայաստանը կարող է կարևոր կամուրջ դառնալ Մաքսային միության երկրների և Մերձավոր Արևելքի երկրների միջև առևտրային հարաբերությունների հետագա զարգացման խնդրում։	Y	մերձավոր	2134	    2,591	0.0052	763.8571	arm_news_2015_00756940
12310	Սերժ Սարգսյանը իշխանական համակարգում փոփոխություններ չի՞ անի ՀՀԿ առաջնորդ Սերժ Սարգսյանն իր մերձավոր շրջապատի մոտ հայտարարել է, թե չի պատրաստվում իշխանական համակարգում է..	Y	մերձավոր	2134	    2,591	0.0052	766.6111	arm_news_2013_00894340
12311	Ավելին, դրանք բավական էական ազդեցություն են գործում Մեծ Մերձավոր Արևելքի տարածաշրջանի երկրների, առավել ևս՝ Հարավային Կովկասի և, առաջին հերթին, Հայաստանի Հանրապետության վրա։	Y	մերձավոր	2134	    2,591	0.0052	768.4545	arm_news_2015_00220675
12312	Մեծ ներդրումների հետ է կապված, ինչը ես ինձ թույլ տալ չեմ կարող։	Y	ներդրումների	2135	    2,590	0.0052	295.1667	arm_news_2017_00673596
12313	Նման պայմաններում ներդրումների և զարգացման մասին խոսք անգամ չի կարող լինել։	Y	ներդրումների	2135	    2,590	0.0052	414	arm_news_2015_00769592
12314	Ի առավել մանրամասն տեղեկությունների համար կարող եք կապ հաստատել Տնտեսական զարգացման և ներդրումների նախարարության հետ.	Y	ներդրումների	2135	    2,590	0.0052	577.2	arm_news_2017_00419126
12315	Այն տեղադրվել Է ՀՀ տնտեսական զարգացման և ներդրումների նախարարության կայքում, որպես ներդրումային ծրագիր։	Y	ներդրումների	2135	    2,590	0.0052	630.6154	arm_news_2017_00121374
12316	Այս տարի Հայաստանում օտարերկրյա ներդրումների ծավալը չափազանց ցածր է լինելու «Ժողովուրդ».	Y	ներդրումների	2135	    2,590	0.0052	825.0909	arm_news_2015_00172205
12317	Նրա խոսքով՝ առանց երաժշտության նույնիսկ մեկ օր չի պատկերացնում իր կյանքը.«	Y	երաժշտության	2136	    2,589	0.0052	520.5455	arm_news_2017_00769431
12318	Սակայն և՛ մեկը, և՛ մյուսը ավելի լավ է անել երաժշտության տակ։	Y	երաժշտության	2136	    2,589	0.0052	546	arm_news_2017_00873382
12319	Երաժշտությունը բավական է կյանքի համար՝ բայց մի ամբողջ կյանքը բավական չէ երաժշտության համար: Գրառմանը 6 հոգի շնորհակալություն են հայտնել.	Y	երաժշտության	2136	    2,589	0.0052	566.375	arm_news_2013_00364668
12320	Երաժշտությունը բավական է կյանքի համար՝ բայց մի ամբողջ կյանքը բավական չէ երաժշտության համար: Գրառմանը 1 հոգի շնորհակալություն է հայտնել.	Y	երաժշտության	2136	    2,589	0.0052	604	arm_news_2013_00364667
12321	«այո», «ոչ», «չգիտեմ»: 1. Ձեր տարիքից ավելի երիտասարդ տեսք ունե՞ք: 2. Ի՞նչ է կատարվում երաժշտության հետ: Վերջին հինգ տարիներին ոչ մի լավ երգ չկա: Այն չէ, ինչ նախկինում էր: 3. Ես ավելի հաճախ եմ սկսել ասել.	Y	երաժշտության	2136	    2,589	0.0052	620.9394	arm_news_2013_00132399
12322	Ազդում է ոչ անմիջապես, ոչ նույն չափով, բայց ազդում է։ Իսկ ինչպե՞ս է դա ազդում գների վրա։	Y	գների	2137	    2,586	0.0052	532.2308	arm_news_2017_00076489
12323	Այո, որոշակի գների աճ հնարավոր է, բայց դա լրիվ կարգավորման ոլորտում է գտնվում։	Y	գների	2137	    2,586	0.0052	667.5833	arm_news_2015_00144786
12324	Պարզապես, երբ ասում եք, թե ազդեցություն չի ունենա, մարդկանց մոտ կարող է այն տպավորությունը ստեղծվել, թե գազի գների փոփոխություն չի լինելու։	Y	գների	2137	    2,586	0.0052	699.3158	arm_news_2013_00849529
12325	Եվ հետևանքը մենք ամեն օր ենք զգում: Իսկ վերջին շրջանում արդեն գների բարձրացումն էր, որ տեղի ունեցավ դոլար-դրամ խաղերի ընթացքում»,- այսպես է… «Այս տարի մենք բոլոր առումներով կատարել ենք մեր առջև դրված խնդիրները».	Y	գների	2137	    2,586	0.0052	722.125	arm_news_2015_00374553
12326	Գների միջև առկա է կրկնակի տարբերություն, իսկ թե ինչով է դա պայմանավորված, այդքան էլ պարզ չէ։	Y	գների	2137	    2,586	0.0052	725.9333	arm_news_2013_00282684
12327	Մեզ մոտ նոր սկիզբ է, և ես շատ ուրախ եմ դրա համար։	Y	սկիզբ	2138	    2,585	0.0052	285.4167	arm_news_2013_00678677
12328	Դուք այստեղ եք՝ Գլխավոր Սկիզբ Հայաստանի մասին Քաղաքականություն ՀՀ նախագահ.	Y	սկիզբ	2138	    2,585	0.0052	362.9	arm_news_2013_00314000
12329	Հուսով եմ՝ սա ինձ համար ինչ-որ նոր բանի սկիզբ էր.	Y	սկիզբ	2138	    2,585	0.0052	512.2727	arm_news_2017_00637108
12330	ԱՊՀ մասնակից պետությունների մշակութային համագործակցության խորհրդի 27–րդ նիստը՝ Երևանում Մշակութային համագործակցության նոր սկիզբ։	Y	սկիզբ	2138	    2,585	0.0052	799.6364	arm_news_2015_00200741
12331	Որակի ապահովման ազգային համակարգի ստեղծման ուղղությամբ իրականացվող աշխատանքների հիմնական փուլի սկիզբ կարելի է համարել 2005թ.	Y	սկիզբ	2138	    2,585	0.0052	924.9333	arm_news_2013_00806964
12332	Ծնողների հետ շատ ենք աշխատում, ավելի շատ, քան՝ բանակի հետ։	Y	ծնողների	2139	    2,584	0.0052	462.75	arm_news_2015_00527758
12333	Սա ողբերգություն է ոչ միայն նրա ծնողների համար, ում միակ որդին էր, այլ նաև ամբողջ Ուկրաինայի հայկական համայնքի համար։	Y	ծնողների	2139	    2,584	0.0052	521.8889	arm_news_2015_00897884
12334	Ասենք երեխան իր սեփական ծնողների հետ Դուք–ով է խոսում։	Y	ծնողների	2139	    2,584	0.0052	525	arm_news_2013_00195989
12335	Այն կարող է ինչպես օգտակար լինել, այնպես էլ լուրջ խնդիրներ առաջացնել թե՛ երեխաների, թե՛ նրանց ծնողների համար։	Y	ծնողների	2139	    2,584	0.0052	527.9375	arm_news_2015_00135356
12336	Այլ մարդկանց, և հատկապես ծնողների հետ իրենց հարաբերությունների միջոցով նրանք են անում սեփական կարևորության մասին։	Y	ծնողների	2139	    2,584	0.0052	532.5333	arm_news_2017_00112590
12337	Ամբողջ ժամանակ նոր և հետաքրքիր բան եք սովորում, դուք շատ բաց մարդ եք։	Y	սովորում	2139	    2,584	0.0052	294.9167	arm_news_2017_00089404
12338	', նշանակում է ասել` ես քեզ ընդհանրապես չէի սիրում: Եվ ամեն օրվա հետ սովորում ես..	Y	սովորում	2139	    2,584	0.0052	415.3846	arm_news_2015_00770563
12339	Իրենք իսկապես լավ են սովորում, ինչի համար շատ ուրախ եմ։	Y	սովորում	2139	    2,584	0.0052	473.9	arm_news_2017_00468582
12340	Ես սիրում եմ իմ դպրոցը,որովհետև մենք շատ հետաքրքիր բաներ ենք սովորում։	Y	սովորում	2139	    2,584	0.0052	532.8333	arm_news_2017_00333679
12341	Բայց, ցավոք, շատերը սովորում են միայն իրենց սեփական փորձի վրա։	Y	սովորում	2139	    2,584	0.0052	692.2	arm_news_2013_00238177
12342	Ինչպես ասում էր մեր նախկին նախագահը` պայքար, պայքար մինչև վերջ..	Y	պայքար	2140	    2,582	0.0052	444	arm_news_2017_00438270
12343	Հասկանալի է՝ թեկնածուների միջև ոչ մի քաղաքական պայքար չկա և չի էլ կարող լինել, ինչպես, թերևս, ողջ Հայաստանում.	Y	պայքար	2140	    2,582	0.0052	510.8889	arm_news_2015_00602653
12344	Բայց քանի որ մեզ մոտ քաղաքական դաշտը կայացած չէ, քաղաքական պայքար չեմ տեսնում.	Y	պայքար	2140	    2,582	0.0052	514.75	arm_news_2013_00238380
12345	Ամեն դեպքում չեմ կարծում, որ էս էն թեման ա, որի համար հրատապ պայքար է պետք..	Y	պայքար	2140	    2,582	0.0052	552.4667	arm_news_2013_00099424
12346	Բայց սա պայքար է, որի արդյունքները մեկ-երկու տարում տեսանելի չեն կարող լինել։	Y	պայքար	2140	    2,582	0.0052	587.5385	arm_news_2013_00237683
12347	Մեր ես-ի շուրջ չէ որ ամեն բան կատարվում է այլ Տիրոջ։	Y	տիրոջ	2141	    2,581	0.0052	279.6667	arm_news_2015_00699978
12348	«Ես իմ տեղում եմ, թող Աստված ինձ ների, ես Տիրոջ հետ եմ»։	Y	տիրոջ	2141	    2,581	0.0052	556.3	arm_news_2013_00343831
12349	Կարծես՝ Ռուսաստանի հետ մեր հարաբերությունները ոչ թե ռազմավարական են, այլ տիրոջ և ծառայի։	Y	տիրոջ	2141	    2,581	0.0052	718.5385	arm_news_2015_00546077
12350	Եթե մենք հաշտ ենք Տիրոջ հետ, ուրեմն մեր հարաբերությունները մարդկանց հետ նույնպես լավ կլինեն։	Y	տիրոջ	2141	    2,581	0.0052	719.6923	arm_news_2015_00347395
12351	Թող մեր Տիրոջ շնորհները լինեն ձեզ հետ եւ բոլորի, այսօր եւ միշտ.	Y	տիրոջ	2141	    2,581	0.0052	816.9091	arm_news_2013_00426040
12352	Այսինքն եթե դու ինչ-որ մարդու հետ հաջող գործ ես անում ու տեսնում ես, որ ստացվում ա, հետո շարունակում ես իր հետ անել։	Y	հաջող	2142	    2,579	0.0052	317.1579	arm_news_2017_00129626
12353	Եվ ահա հիմա նորից բանակցություններ են տեղի ունեցել, և կարծես թե կան նաև առաջին հաջող արդյունքները։	Y	հաջող	2142	    2,579	0.0052	472.125	arm_news_2015_00367456
12354	Ընդհանուր գնահատական տալ չեմ կարող, չեմ կարող ասել՝ շատ վատ էր, բայց հաջող էլ չէր։	Y	հաջող	2142	    2,579	0.0052	500	arm_news_2015_00416184
12355	Թուրքիայի համար նշանակություն ունեն միայն արտքաղաքական այն խնդիրները, որոնք կապված են նրա անվտանգության և տնտեսական հաջող զարգացման հետ։	Y	հաջող	2142	    2,579	0.0052	541.7222	arm_news_2013_00428958
12356	Այնպես որ հաջորդ՝ 2012 թվականի խաղերը մեզ համար պետք է ավելի հաջող լինեն։	Y	հաջող	2142	    2,579	0.0052	558.6667	arm_news_2013_00129411
12357	Բայց եթե զգում ես, որ դու կարող ես, ապա միանշանակ պետք է սկսել։	Y	միանշանակ	2143	    2,577	0.0052	308.5	arm_news_2017_00221389
12358	ԼՂՀ Վարչապետ Այն, որ Արցախում ցանկացած մարդու համար կա աշխատանք, կարող եմ միանշանակ հայտարարել.	Y	միանշանակ	2143	    2,577	0.0052	446.9286	arm_news_2017_00479317
12359	Ինձ համար միանշանակ է, որ Սերժ Սարգսյանը չի հաղթել, հաղթել է Րաֆֆի Հովհաննիսյանը «..	Y	միանշանակ	2143	    2,577	0.0052	501.9091	arm_news_2013_00447686
12360	Միանշանակ կարելի է ասել, որ սա մարտական ոչ-ոքի էր։	Y	միանշանակ	2143	    2,577	0.0052	566.7	arm_news_2017_00696780
12361	Բոլորը ունեն միանշանակ իրենց ե՛ւ դրական, ե՛ւ բացասական կողմերը։	Y	միանշանակ	2143	    2,577	0.0052	800.2222	arm_news_2013_00257946
12362	ԱԺ պատգամավորների մի մեծ խումբ այս օրերին Ռուսաստանում են «ՉԻ».	Y	պատգամավորների	2144	    2,576	0.0052	519.4	arm_news_2015_00091683
12363	ԲՀԿ-ն պատասխանատվություն չի կրում իր պատգամավորների տնտեսական գործունեության վերաբերյալ..	Y	պատգամավորների	2144	    2,576	0.0052	606.2	arm_news_2015_00271040
12364	Չեմ կարող ասել»: Պատգամավորների կառավարության ծրագիրը ներկայացնող կարեն Կարապետյանը ասաց.	Y	պատգամավորների	2144	    2,576	0.0052	705.8	arm_news_2017_00822552
12365	ԱԺ-ում այս պահին պատգամավորների հարցերին է պատասխանում ԱԳ նախարարը.	Y	պատգամավորների	2144	    2,576	0.0052	871.5	arm_news_2013_00086844
12366	Էական չէ այն առումով, որ վերջին հաշվով խորհրդարանում կան 259 (պատգամավորների քանակը) անհատական ծրագրեր։	Y	պատգամավորների	2144	    2,576	0.0052	923.4615	arm_news_2015_00408362
12367	Այնպես չէ, որ ես էլ չեմ լսում նման դեպքերի մասին, բայց որեւէ կոնկրետ օրինակ չի ներկայացվում, ու ես դա համարում եմ ոչ ճիշտ։	Y	ներկայացվում	2145	    2,575	0.0052	364.4545	arm_news_2015_00141800
12368	Ինքն էլ է լսում այդպիսի դեպքերի մասին, բայց որեւէ կոնկրետ օրինակ չի ներկայացվում, ինչը ճիշտ չէ։	Y	ներկայացվում	2145	    2,575	0.0052	550.875	arm_news_2015_00477511
12369	Այդպես ներկայացվում է, ես ասում եմ, որ բացարձակապես այդպես չէ։	Y	ներկայացվում	2145	    2,575	0.0052	643.3333	arm_news_2015_00123791
12370	Մի կողմ թողնենք այն, որ Թուրքիայում արդեն սկսել են խոսել Ցեղասպանության մասին, միևնույն է, մեր երկրում այդ իրադարձությունները հանրությանը այլ կերպ են ներկայացվում։	Y	ներկայացվում	2145	    2,575	0.0052	713.2727	arm_news_2015_00714110
12371	Երբ խոսում ենք որեւէ խնդրի մասին, շատ հետաքրքիր է, որ մոտեցումները երկու տարբեր տեսանկյուներով են ներկայացվում։	Y	ներկայացվում	2145	    2,575	0.0052	774.5625	arm_news_2013_00370684
12372	Այս մասին հայտարարել է Ռուսաստանի նախագահ Վլադիմիր Պուտինը, որը դեկտեմբերի 1-ին պետական այցով ժամանել է Թուրքիա։	Y	թուրքիա	2146	    2,571	0.0052	517.5333	arm_news_2015_00162126
12373	Ահա այդ ժամանակ Թուրքիան բոլորովին այլ Թուրքիա կարող է դառնալ։	Y	թուրքիա	2146	    2,571	0.0052	557.8	arm_news_2015_00096966
12374	Նշենք, որ Ֆրանսիայի նախագահը պաշտոնական այց էր կատարում Թուրքիա 22 տարի անց։	Y	թուրքիա	2146	    2,571	0.0052	617.2727	arm_news_2017_00757866
12375	«Կան մարդիկ, որոնք վախենում են գալ Թուրքիա, սակայն ես այստեղ եմ, և ինձ շատ հարմարավետ եմ զգում», - ասել է դերասանուհին։	Y	թուրքիա	2146	    2,571	0.0052	652.1579	arm_news_2017_00507961
12376	Նշենք, որ 2011-ին Թուրքիա է այցելել 72 393 հայաստանցի, որը 4,5 տոկոսով ավելի էր 2010-ի նկատմամբ։	Y	թուրքիա	2146	    2,571	0.0052	678.5385	arm_news_2015_00771429
12377	Նա նշանակվել էր քաղաքացիական գործերով վերաքննիչ դատարանի նախագահ, իսկ երեք տարի անց՝ ՀՀ վարչական դատարանի, եւս երկու տարի անց վարչական վերաքննիչ դատարանի նախագահ։	Y	վերաքննիչ	2147	    2,569	0.0052	620	arm_news_2017_00742849
12378	Մենք այս հարցով դիմել էինք Վերաքննիչ դատարան, դատական նիստը տեղի կունենա հունվարի 11-ին, ժամը 15։00-ին։	Y	վերաքննիչ	2147	    2,569	0.0052	637.6429	arm_news_2017_00678006
12379	ՀՀ վճռաբեկ դատարանը ընդունել է որոշում ՀՀ վերաքննիչ քրեական դատարանի 09.10.2012թ.	Y	վերաքննիչ	2147	    2,569	0.0052	672.6	arm_news_2015_00641240
12380	Հայաստանի Հանրապետությունում գործում է երկու վերաքննիչ դատարան՝ 1) վերաքննիչ քաղաքացիական դատարանը.	Y	վերաքննիչ	2147	    2,569	0.0052	697.1111	arm_news_2017_00556687
12381	2009 թվականի ապրիլի 8-ին ՀՀ Նախագահի հրամանագրով նշանակվել է ՀՀ Վերաքննիչ քաղաքացիական դատարանի նախագահ: Ծնվել է 1953 թվականին Երևան քաղաքում։	Y	վերաքննիչ	2147	    2,569	0.0052	697.5625	arm_news_2015_00016492
12382	Այդ պատճառով էլ դուք շատ բան եք ակնկալում մյուս կողմից։	Y	ակնկալում	2148	    2,568	0.0052	300.7	arm_news_2017_00106953
12383	Ես ակնկալում եմ, որ վաղը ոչ միայն շատ շատ մարդ կլինի, այլ նաեւ՝ շատ տարբեր մարդիկ կլինեն։	Y	ակնկալում	2148	    2,568	0.0052	351.1333	arm_news_2015_00356273
12384	«Մենք ակնկալում ենք, որ դա դրական ազդեցություն կունենա Հայաստանի վրա։	Y	ակնկալում	2148	    2,568	0.0052	494.2	arm_news_2013_00684627
12385	Իմ պատասխանը պատրաստված չէր, եւ չէի ակնկալում, որ նման հարց կլինի.	Y	ակնկալում	2148	    2,568	0.0052	681.0909	arm_news_2017_00426317
12386	Շնորհակալ ենք այդ աջակցության համար եւ ակնկալում ենք հետագայում եւս շարունակել բարեփոխումների գործընթացը։	Y	ակնկալում	2148	    2,568	0.0052	949.5833	arm_news_2013_00794514
12387	Ոչ ոք չի կարող հետ բերել հունվարի 12–ը և փոխել իրադարձությունների ընթացքը։	Y	ընթացքը	2149	    2,567	0.0051	512.5833	arm_news_2015_00810990
12388	Ինչպիսի՞ն է Ադրբեջանի եւ Հայաստանի միջեւ ղարաբաղյան հարցի շուրջ երկխոսության ընթացքը։	Y	ընթացքը	2149	    2,567	0.0051	706.5	arm_news_2013_00463020
12389	Այս պահի դրությամբ ընտրությունների ընթացքը ՀՀԿ-ն նորմալ է գնահատում։	Y	ընթացքը	2149	    2,567	0.0051	805.6	arm_news_2017_00138396
12390	Այսօր 2538 այց ըստ Google Analytics-ի Սիրիայում պատերազմի ընթացքը փոխվել է իշխանությունների կողմը.	Y	ընթացքը	2149	    2,567	0.0051	832.6154	arm_news_2013_00158931
12391	Հանդիպման ժամանակ քննարկվել է Լեռնային Ղարաբաղի հակամարտության կարգավորման բանակցությունների ներկա ընթացքը։	Y	ընթացքը	2149	    2,567	0.0051	838.4545	arm_news_2013_00585752
12392	Ես ուզում էի գրող լինել, իսկ ապրել պետք էր ինչ-որ մի այլ բանի հաշվին։	Y	գրող	2150	    2,564	0.0051	411.3333	arm_news_2015_00364639
12393	Այնուամենայնիվ, ուրախ եմ, որ գրող մարդիկ կան ու բավական շատ են։	Y	գրող	2150	    2,564	0.0051	460.4545	arm_news_2017_00118123
12394	Եթե որեւէ գրող ստացել է կամ չի ստացել, դա հանձնաժողովի քննարկման եւ քվեարկության խնդիրն է եղել։	Y	գրող	2150	    2,564	0.0051	582	arm_news_2013_00331473
12395	Ինքս այս պահին չունեմ գրականության սահմանում, իսկ ինձ չգիտեմ՝ գրող համարում եմ, թե ոչ։	Y	գրող	2150	    2,564	0.0051	787.6429	arm_news_2013_00467427
12396	Վազգեն Սարգսյանն ակտիվ հասարակական կյանք մուտք է գործել որպես գրող-լրագրող։	Y	գրող	2150	    2,564	0.0051	927.9091	arm_news_2017_00913121
12397	Կարծում ենք, սա այն խնդիրն է, որը ներառում է ինչպես միջազգային, այնպես էլ ներքին գործոններ, և այս առումով շատ կարևոր է պետության դերը հատկապես միջազգային դաշտում։	Y	ներառում	2150	    2,564	0.0051	558.5217	arm_news_2013_00535908
12398	«Նվազագույն աշխատավարձը եւս մեծ խնդիրներ է առաջացնում, քանի որ սահմանված չէ, թե այն ինչ է ներառում իր մեջ։	Y	ներառում	2150	    2,564	0.0051	588.1176	arm_news_2013_00776147
12399	Այն ներառում է տնտեսությունը, սակայն ավելի հասարակական, քան թե տնտեսական հարցերով։	Y	ներառում	2150	    2,564	0.0051	615.9091	arm_news_2017_00117279
12400	Համար 5-ն ու 18+-ը ուղղակի թալան են, Սիրում եմ-ն էլ 2 համար ա ներառում։	Y	ներառում	2150	    2,564	0.0051	622.3333	arm_news_2013_00561057
12401	Մեր այսօրվա որոշման մեջ մենք նաև մի կետ ենք ներառում, որը վերաբերում է կառավարությանը։	Y	ներառում	2150	    2,564	0.0051	647.0714	arm_news_2013_00694176
12402	«Ոչ, ես չեմ կարծում, որ Ռուսաստանը ժողովրդավարական երկիր է,- ասել է նա։	Y	ժողովրդավարական	2151	    2,563	0.0051	334.3636	arm_news_2013_00800544
12403	Բացի այդ, խորհրդարանում քվեարկության ժամանակ զինված մարդիկ են եղել, ինչը նույնպես այնքան էլ ժողովրդավարական չէ։	Y	ժողովրդավարական	2151	    2,563	0.0051	537.2	arm_news_2015_00264552
12404	Բացի դրանից, խորհրդարանում քվեարկության ժամանակ զինված մարդիկ են եղել, ինչը նույնպես այնքան էլ ժողովրդավարական չէ։	Y	ժողովրդավարական	2151	    2,563	0.0051	570.4	arm_news_2015_00266364
12405	Հայաստանը, որին մենք ձգտում ենք պետք է դառնա ժողովրդավարական պետություն..	Y	ժողովրդավարական	2151	    2,563	0.0051	775.8	arm_news_2015_00576439
12406	«Ղարաբաղի ժողովուրդը պաշտպանել է ժողովրդավարական հասարակության մեջ ազատ ապրելու իր իրավունքը։	Y	ժողովրդավարական	2151	    2,563	0.0051	833.5455	arm_news_2013_00654117
12407	Մեզ դժվար հանդիպում է սպասվում, անցած տարի նրանք շատ լավ հանդես եկան։	Y	եկան	2152	    2,562	0.0051	441.6667	arm_news_2013_00677837
12408	Եվ այժմ իրավիճակը փոքր-ինչ այլ է։ Նոր, քաղաքական ղեկավարությունը, որոնք իշխանության եկան քաղաքական համակարգում տեղի ունեցած փոփոխությունների հետևանքով, ավելի պրագմատիկ մոտեցում ունեն և մենք ուրախ ենք դրա համար»,- հայտարարել է ռուս վարչապետը։	Y	եկան	2152	    2,562	0.0051	651.4839	arm_news_2013_00354063
12409	Նրանք երկու անգամ եկան և շատ լավ աշխատանք տարան խմբի հետ։	Y	եկան	2152	    2,562	0.0051	666.6364	arm_news_2015_00790435
12410	Նրանք հանդես եկան ոչ որպես ադրբեջանցի, այլ՝ լրագրող, իսկ Դուք հիմա որպես հայ եք խոսում Պահի տակ ստացվեց ու դա դարձավ մեծ աղմուկ.	Y	եկան	2152	    2,562	0.0051	687.0909	arm_news_2017_00775898
12411	Եվ մի քանի տարի անց արդեն երևան եկան նոր, բավական խոշոր վիրաբույժներ։	Y	եկան	2152	    2,562	0.0051	716.25	arm_news_2015_00375607
12412	Հրաշալի ու հաճելի կին եք,-ասաց պատգամավորը: Այն ժամանակ էլ եմ ասել, հիմա էլ եմ ասում.	Y	պատգամավորը	2152	    2,562	0.0051	465	arm_news_2015_00655738
12413	Ի՞նչ կապ ունի նախկին պատգամավորը զինված խմբի գործի հետ «Հրապարակ».	Y	պատգամավորը	2152	    2,562	0.0051	493	arm_news_2017_00433443
12414	«Էլ չեմ ասում՝ ընտրությունների օրն էլ գնա ընտրությունների»,- ասաց պատգամավորը։	Y	պատգամավորը	2152	    2,562	0.0051	692.625	arm_news_2013_00394601
12415	«Եթե պատգամավորը նիստի ժամանակ գրանցվել է, անկախ նրանից՝ նիստը տեղի է Հովիկ Աբրահամյանը հանդիպել է Սերժ Սարգսյանին.	Y	պատգամավորը	2152	    2,562	0.0051	718.1333	arm_news_2017_00316159
12416	Ընթանում է Հայաստանի պուտինիզացիա ՀՀԿ-ական պատգամավորը վթարի է ենթարկվել.	Y	պատգամավորը	2152	    2,562	0.0051	883.3333	arm_news_2013_00406654
12417	՝ 41 հազար 1993 թ. ՀՀ-ում ծնվել է 59 հազար 41 երեխա, և սա այն դեպքում, երբ երկիրը, մի կողմից՝ գտնվում էր պատերազմի, մյուս կողմից՝ էներգետիկ ճգնաժամի, սոցիալ-տնտեսական ծանր վիճակի մեջ.	Y	էներգետիկ	2153	    2,561	0.0051	467.8846	arm_news_2015_00038516
12418	«Մի քանի օր առաջ հանկարծ հայտարարվեց, որ էներգետիկ համակարգում վիճակը շատ ծանր է։ Այստեղ շատ լուրջ խնդիրներ կան, իսկ այս հարցերը բաց են ե՛ւ քաղաքական ուժերի, ե՛ւ հասարակության համար։	Y	էներգետիկ	2153	    2,561	0.0051	537.3571	arm_news_2013_00718726
12419	Դժվար է ասել, թե որն է ստացված, որը՝ ոչ, որովհետև դա հիմնականում էներգետիկ դաշտի վրա է ստացվում։	Y	էներգետիկ	2153	    2,561	0.0051	592.4667	arm_news_2017_00292753
12420	Այս տեսանկյունից, իհարկե, Ռուսաստանի համար կարևոր է էներգետիկ երկխոսության զարգացումը ԵՄ-ի հետ։	Y	էներգետիկ	2153	    2,561	0.0051	652.3846	arm_news_2013_00155632
12421	Նա նշել է, որ էներգետիկ ոլորտում Թուրքիայի համաձայնագրերը Ռուսաստանի հետ հստակ բնույթ են կրում և արդեն երկար տարիներ կատարվում են առանց որևէ խնդրի։	Y	էներգետիկ	2153	    2,561	0.0051	652.7727	arm_news_2013_00752007
12422	Այսօր արդեն այդ թիվը 17 է։ «Այս թվի մեծացումը ես ամբողջությամբ չեմ կապի մեր ծրագրի հետ, բայց ասել, որ մեր ծրագիրը դեր չի ունեցել, նույնպես չեմ կարող։	Y	թվի	2154	    2,560	0.0051	506.8333	arm_news_2017_00147129
12423	Ասում են նաև, որ նա փողի խնդիր չի ունեցել և ցանկացած «թվի» տակից կարող էր դուրս գալ։	Y	թվի	2154	    2,560	0.0051	644.6471	arm_news_2017_00183800
12424	Նրանցից 300 հազարն այս պահին էլ ապրում է Հայաստանում և կազմում է մեր երկրի բնակչության ընդհանուր թվի ավելի քան տասը տոկոսը։	Y	թվի	2154	    2,560	0.0051	683.6316	arm_news_2015_00787681
12425	Ընտրություններին մասնակցել է 1 միլիոն 521 հազար 489 մարդ կամ ընտրողների թվի 60,18%-ը։	Y	թվի	2154	    2,560	0.0051	698.2	arm_news_2013_00411168
12426	Այնպես որ, այդ թվի հետ կապված, պետք է մանրամասներ ներկայացվեն, թե ինչ ի նկատի ունեն։	Y	թվի	2154	    2,560	0.0051	713.1333	arm_news_2017_00120025
12427	Ամեն ինչի անունը կարելի է դնել Հայրենիք, եթե քեզ համարում ես նրա կենտրոնը։	Y	հայրենիք	2155	    2,559	0.0051	542.8462	arm_news_2017_00092379
12428	Եվ հետո, չէ՞ որ մենք Հայաստանը հայտարարել էինք ողջ հայության հայրենիք։	Y	հայրենիք	2155	    2,559	0.0051	570.6364	arm_news_2015_00374685
12429	Հայաստանն ինձ համար երկրորդ հայրենիք է 19,320 այցելություն, 2014-06-18-ին «Դեմ առ դեմ», «Եվրոպան եւ մենք» և «Կյանքը լուսանցքում.	Y	հայրենիք	2155	    2,559	0.0051	596.8125	arm_news_2013_00572766
12430	Բայց ո՞րն է, իսկապես, մեր Հայրենիքը կամ ի՞նչ է վերջապես այն բանը, որը մենք Հայրենիք ենք համարում։	Y	հայրենիք	2155	    2,559	0.0051	621.2778	arm_news_2015_00254343
12431	Իսկ ես երջանիկ լինելու համար ունեմ Հայաստան, ունեմ հայրենիք, բայց ես չունեմ ազատ, անկախ, միացյալ հայրենիք։	Y	հայրենիք	2155	    2,559	0.0051	624.2308	arm_news_2015_00485878
12432	Այդ մասին ես պարզ ասել եմ Հայաստանի նախագահ Սերժ Սարգսյանին»,-նշել է Էրդողանը։	Y	էրդողանը	2156	    2,558	0.0051	308.0769	arm_news_2015_00120200
12433	Ի դեպ, ԱՄՆ-ում է լինելու նաեւ Թուրքիայի նախագահ Էրդողանը։	Y	էրդողանը	2156	    2,558	0.0051	360	arm_news_2017_00419770
12434	Էրդողանը հանրապետության պատմության մեջ արեց այն, ինչ չէր արել որևէ առաջնորդ.	Y	էրդողանը	2156	    2,558	0.0051	605	arm_news_2013_00398689
12435	«Պուտինը եւ Էրդողանը հոկտեմբերի 10—ի իրենց վերջին հանդիպմանը Լեռնային Ղարաբաղի թեման ավելի շուտ չեն քննարկել։	Y	էրդողանը	2156	    2,558	0.0051	661.4	arm_news_2017_00851021
12436	Բանն այն է, որ Էրդողանը տարածաշրջանում դարձել է բավականին ինքնուրույն։	Y	էրդողանը	2156	    2,558	0.0051	889.7778	arm_news_2017_00229082
12437	Հետո գրել եմ, որ ես իր մասին, իր երկրի՝ Ադրբեջանի մասին չեմ մտածում, իմ ծնողները նույնպես նրա եւ նրա երկրի մասին չեն մտածում, եւ ինձ համար անհասկանալի է, թե ինչ է ուզում մեր երկրից..	Y	ծնողները	2156	    2,558	0.0051	340.8846	arm_news_2015_00623153
12438	Իմ ծնողները նույնպես Ձեր մասին, Ձեր երկրի մասին չեն մտածում..	Y	ծնողները	2156	    2,558	0.0051	445.75	arm_news_2017_00425057
12439	Այն սերը, որ հաղորդել են ինձ իմ ծնողները հայերի ու Հայաստանի նկատմամբ, այսօր էլ ապրում է իմ մեջ։	Y	ծնողները	2156	    2,558	0.0051	458.8235	arm_news_2015_00142261
12440	Մի՞թե ես այսպես էի պատկերացնում իմ կյանքը, Բայց չէ՞ որ ես կարող էի այլ կերպ ապրել, Ինչո՞ւ իմ ղեկավարությունը, ընտանիքը, ծնողները չեն ընդունում ինձ այնպես, ինչպես կամ։	Y	ծնողները	2156	    2,558	0.0051	502.5769	arm_news_2013_00706683
12441	Հիմա արդեն նրանք են քո ծնողները, և ցանկանում եմ քո մասին լավ խոսքեր լսել։	Y	ծնողները	2156	    2,558	0.0051	526.7692	arm_news_2017_00605700
12442	Սակայն հենց այստեղ էլ առաջ է գալիս այն հիմնական հարցը, որը վերջին շրջանում բազմիցս առաջ է գալիս։	Y	բազմիցս	2157	    2,555	0.0051	276.7857	arm_news_2013_00880092
12443	Նա պարզապես ասել է, որ «Ես բազմիցս եմ իր դիրքորոշումը հայտնել 1915թ.	Y	բազմիցս	2157	    2,555	0.0051	418.75	arm_news_2013_00753717
12444	ՀԱՐՑ-Դուք բազմիցս ասել եք, որ լինելու եք բոլորի նախագահը։	Y	բազմիցս	2157	    2,555	0.0051	508.3333	arm_news_2015_00612106
12445	«Մենք բազմիցս ասել ենք, որ բացառությամբ մեկի, մասնակցել է բոլոր ընտրություններին։	Y	բազմիցս	2157	    2,555	0.0051	583.0909	arm_news_2017_00678728
12446	Այս մասին բազմիցս նշել են և՛ ԲՀԿ–ի, և՛ ՀԱԿ–ի, և՛ ՀՅԴ–ի, և՛ «ժառանգության» ներկայացուցիչները։	Y	բազմիցս	2157	    2,555	0.0051	648.9167	arm_news_2013_00144062
12447	Բնականաբար, խոսքը վերաբերում է մեր այն քաղաքացիներին, որոնք ՀՀ-ից դուրս են։	Y	քաղաքացիներին	2158	    2,553	0.0051	384.9167	arm_news_2013_00254524
12448	Սակայն Ֆրանսիայի իշխանությունները խորհուրդ չեն տալիս իրենց քաղաքացիներին այցելել այդ երկիր։	Y	քաղաքացիներին	2158	    2,553	0.0051	541.2727	arm_news_2015_00892466
12449	Եթե քաղաքապետ եմ, ապա պարտավոր եմ ընդունել և լսել իմ քաղաքացիներին ցանկացած ժամանակ։	Y	քաղաքացիներին	2158	    2,553	0.0051	563.6667	arm_news_2013_00333625
12450	Խնդրում եմ Հայաստանի և Արցախի բոլոր քաղաքացիներին նկատի ունենալ այս հանգամանքը։	Y	քաղաքացիներին	2158	    2,553	0.0051	646	arm_news_2015_00519866
12451	Շնորհակալություն եմ հայտնում Հայաստանի բոլոր քաղաքացիներին ընտրություններին այսպիսի ակտիվ մասնակցության համար.	Y	քաղաքացիներին	2158	    2,553	0.0051	708.7273	arm_news_2017_00787275
12452	Նրան էլ էր Սարգսյանը մի բան խոստացել, բայց այլ որոշում ընդունեց։	Y	խոստացել	2159	    2,552	0.0051	470.9091	arm_news_2015_00786508
12453	ՀՀ նախագահի թեկնածուն խոստացել է այսօր մինչև ժամը 11-ը հայտնել իր որոշման մասին»:..	Y	խոստացել	2159	    2,552	0.0051	502.5385	arm_news_2013_00629610
12454	Սերժ Սարգսյանն ինձ խոստացել է իրականացնել այդ գաղափարը, որի համար ես ծնվել եմ գուցե։	Y	խոստացել	2159	    2,552	0.0051	560.8571	arm_news_2015_00904927
12455	Հետագայում նա նստած էր այստեղ, ելույթ էր ունենում ձեր առաջ և խոստացել էր լինել Հայաստանում։	Y	խոստացել	2159	    2,552	0.0051	573.0769	arm_news_2013_00608759
12456	Նա ինձ չի տեսել Հայաստանում հանդես գալիս, խոստացել եմ, որ հաջորդ անգամ հետս կլինի։	Y	խոստացել	2159	    2,552	0.0051	602.0714	arm_news_2015_00743605
12457	Ես վստահ եմ, որ կառավարությունը, եւ 1-ին հերթին պրն վարչապետը անկեղծ ցանկանում է առաջընթաց ապահովել, փոփոխություններ ապահովել եւ խնդիրներ լուծել, այլ հարց է, որ ժամանակ է պետք, բայց ժամանակը շատ չէ։	Y	պրն	2160	    2,550	0.0051	554.5385	arm_news_2015_00366511
12458	Աշոտյանը չի հիշում թե ով է ՀՀԿ կուսակցության նախագահը: Հ.Գ. Քանի որ պրն.	Y	պրն	2160	    2,550	0.0051	565.1429	arm_news_2013_00181283
12459	Նա ձեզ ասաց, պրն Աբրահամյան, 24 տարի է, մեր գյուղում բարձրաստիճան պաշտոնյա չի եղել, որ այսօր դուք ձեր ոտքով եկել, հասել եք, մենք շնորհակալություն ենք հայտնում, մեզ պետք չէ ոչ մի բան։	Y	պրն	2160	    2,550	0.0051	612.0645	arm_news_2013_00749578
12460	Բաբայանը երեկ ասում էր, թե ով ինչ կարող է որոշել ու ի՞նչ չի կարող որոշել: Իմ կարծիքով այս տեսանկյունից եթե նայենք, պրն.	Y	պրն	2160	    2,550	0.0051	618.381	arm_news_2013_00225092
12461	Ո՞վ ունի հետևում: Երբ մենք ընտրում էինք Ձեզ, պրն.	Y	պրն	2160	    2,550	0.0051	642.4	arm_news_2013_00806316
12462	Մուտք գործել այլ-կայքերի միջոցով: Ինչու՞ են կանայք ավելի շատ խոսում, քան տղամարդիկ Life.	Y	life	2161	    2,549	0.0051	547.0714	arm_news_2015_00733188
12463	ՀԱԿ պատգամավոր «Բոլորի մեջ միասնականություն կա, եթե Րաֆֆի Հովհաննիսյանը դա չի տեսնում, այդ դեպքում ի՞նչ է անում հարթակում»,-Life.	Y	life	2161	    2,549	0.0051	744.05	arm_news_2015_00566862
12464	Հայկ Պետրոսյան - Life Panorama Իմ կինը մեղավոր չէ, որ ես նրան եմ սիրել, նա՝ ինձ, ու մենք երեխա ենք ունեցել.	Y	life	2161	    2,549	0.0051	755.1	arm_news_2017_00569648
12465	Connection: close X-Powered-By: PHP/5.3.3 Այս գիշեր հայ-ադրբեջանական սահմանին տեղ-տեղ կրակոցներ են եղել Այս գիշեր հայ-ադրբեջանական սահմանին տեղ-տեղ կրակոցներ են եղել: Ինչպես Life.	Y	life	2161	    2,549	0.0051	760.2353	arm_news_2015_00061237
12466	Մարդիկ միշտ չէ, որ ծնվում են այն օրը, երբ մայրը լույս աշխարհ է բերել - Life Panorama Մարդիկ միշտ չէ, որ ծնվում են այն օրը, երբ մայրը լույս աշխարհ է բերել Մարդիկ միշտ չէ, որ ծնվում են այն օրը, երբ մայրը լույս աշխարհ է բերել.	Y	life	2161	    2,549	0.0051	767.125	arm_news_2017_00664269
12467	Դա հնարավոր է, և ես կարծում եմ, որ հենց դրան է գնալու: Հարց.	Y	գնալու	2161	    2,549	0.0051	321.5833	arm_news_2017_00280201
12468	Եւ գալու էր մի օր, երբ “առաջ գնալու տեղ” այլևս չէր լինելու։	Y	գնալու	2161	    2,549	0.0051	399.9167	arm_news_2015_00401771
12469	Մենք ունենք ծրագիր, թե քայլ առ քայլ ինչպես ենք գնալու։	Y	գնալու	2161	    2,549	0.0051	592.8889	arm_news_2017_00683659
12470	Հաշվի առնելով միջազգային փորձը, մենք ևս գնալու ենք այդ ճանապարհով.	Y	գնալու	2161	    2,549	0.0051	710.1	arm_news_2015_00600392
12471	Եթե նորից պատերազմ լինի, հենց իրենք են գնալու և շարունակելու իրենց ծնողների գործը։	Y	գնալու	2161	    2,549	0.0051	765.5385	arm_news_2015_00348569
12472	Այստեղ Դուք կարող եք գտնել ամբողջական տեղեկատվություն մեր ընկերության, իր գործունեության, մեր կողմից ներկայացված արտադրանքի, ինչպես նաև մեր միջազգային գործընկերների մասին և շատ ավելին։	Y	արտադրանքի	2162	    2,548	0.0051	474.6364	arm_news_2015_00173481
12473	Այո, մի ժամանակ մեր արտադրանքի 85 տոկոսը վաճառվում էր Ռուսաստանի շուկայում, իսկ այսօր՝ միայն 40-45 տոկոսը», – ասել է Բելառուսի նախագահը։	Y	արտադրանքի	2162	    2,548	0.0051	539.8235	arm_news_2015_00144664
12474	Ընկերությունների մեծ մասը տեղական են, և նրանց բաժին է ընկնում ոլորտի արտադրանքի 63%-ը։	Y	արտադրանքի	2162	    2,548	0.0051	617	arm_news_2017_00390748
12475	«Մենք այսօր հսկայական խնդիրներ ունենք Ռուսաստանի, Ղազախստանի հետ կապված, ուր մենք արտահանում ենք արտադրանքի ավելի քան 50%-ը»,- ասել է նա։	Y	արտադրանքի	2162	    2,548	0.0051	687.4211	arm_news_2015_00690565
12476	Կառավարությունը որոշում է ընդունել` արտադրանքի և ծառայությունների որակի ապահովման բնագավառում ՀՀ կառավարության 2008թ.	Y	արտադրանքի	2162	    2,548	0.0051	743.4615	arm_news_2015_00538123
12477	Մենք գիտենք ինչ եղավ արդյունքում, բայց դժվար է ասել, թե ինչ կարող էր լինել, եթե նա.	Y	գիտենք	2162	    2,548	0.0051	296.4	arm_news_2015_00691592
12478	«Մենք այդ խնդրի մասին հիմա ավելի շատ գիտենք, քան անցած տարի։	Y	գիտենք	2162	    2,548	0.0051	378.5455	arm_news_2017_00677807
12479	Բայց դա բոլորն գիտենք, ու հիմա խոսքը դրա մասին չէ։	Y	գիտենք	2162	    2,548	0.0051	462.4	arm_news_2015_00247766
12480	Իր Հոգու միջոցով Նա գիտի այն ամենը, ինչ մենք գիտենք, և ավելին.	Y	գիտենք	2162	    2,548	0.0051	570.0833	arm_news_2015_00502772
12481	Բայց Հայաստանն, ինչպես գիտենք, իրականում ոչ արտաքին քաղաքականություն է վարում, ոչ ԱԳ նախարար ունի, ոչ նախագահ։	Y	գիտենք	2162	    2,548	0.0051	667.1429	arm_news_2015_00251570
12482	Բավական է նայել մի քանի ծրագիր ու ամեն ինչ պարզ է դառնում։	Y	նայել	2162	    2,548	0.0051	422.6364	arm_news_2013_00241474
12483	Այստեղ պետք է նայել, թե այն քաղաքական առումով ինչ կտա Հայաստանին կամ չի տա։	Y	նայել	2162	    2,548	0.0051	431.4286	arm_news_2015_00175272
12484	Այնպես որ` այդ հարցին առաջին հերթին պետք է նայել ղարաբաղյան խնդրի տեսանկյունից։	Y	նայել	2162	    2,548	0.0051	587.3333	arm_news_2013_00128878
12485	Որպես Հայաստանի նախագահ՝ չպետք է գնա, որպես քաղաքացի՝ կարող է գնալ ֆուտբոլ նայել։	Y	նայել	2162	    2,548	0.0051	786.4545	arm_news_2013_00812607
12486	Երբ հարցնում ես՝ ում օգտին ես քվեարկել, բոլորը սկսում են մի տեսակ անհայտ ուղղությամբ նայել.	Y	նայել	2162	    2,548	0.0051	889.0714	arm_news_2013_00371067
12487	Կան մարդիկ, որոնք կարող էին քաղաքական գործունեություն իրականացնել, բայց այսօր մի ասպարեզում են, որը քաղաքական չէ։	Y	գործունեություն	2163	    2,546	0.0051	443.9333	arm_news_2017_00507950
12488	Այս ընթացքում իրենց գործունեությունը ես գնահատում եմ որպես ընդդիմադիր քաղաքական ուժի գործունեություն։	Y	գործունեություն	2163	    2,546	0.0051	550.75	arm_news_2015_00151873
12489	Իսկ հիմա մեզ մոտ ընդհանրապես ոչ մի գործունեություն չի լինում, երիտասարդներն էլ նույն վիճակում են, չկա այդ կազմակերպությունը։	Y	գործունեություն	2163	    2,546	0.0051	579	arm_news_2013_00478673
12490	«Շուրջ 20 տարի դուք մարդասիրական գործունեություն եք իրականացնում Հայաստանի՝ այդ թվում Երևանի տարածքում։	Y	գործունեություն	2163	    2,546	0.0051	581.25	arm_news_2013_00797255
12491	Հասկանալի է, որ հեշտ բան չէ, բայց, իմ կարծիքով, հնարավոր է, միայն, նորից եմ ասում, ցանկություն է պետք ու նպատակաուղղված գործունեություն։	Y	գործունեություն	2163	    2,546	0.0051	621.3158	arm_news_2013_00591952
12492	Եվ այդ «հիվանդությունների» պատճառով է, որ մի քանի թիկնապահներ կարող են մեկին սպանել։	Y	հիվանդությունների	2163	    2,546	0.0051	722.3077	arm_news_2013_00353831
12493	Դատավորը պնդում է, որ իրեն ազատել են առողջական խնդիրների պատճառով «Առողջական լուրջ խնդիրներ ունեմ: Սթրեսի և մի շարք այլ հիվանդությունների հետ է կապված, անձամբ եմ դիմում գրել ու անգամ ձեզ կարող եմ ներկայացնել համապատասխան փաստաթղթերը..	Y	հիվանդությունների	2163	    2,546	0.0051	786.6562	arm_news_2015_00317245
12494	Այստեղ գործում է նաև պետական բժշկական համալսարանի ներքին հիվանդությունների թիվ 2 ամբիոնը։	Y	հիվանդությունների	2163	    2,546	0.0051	815.8182	arm_news_2013_00153912
12495	Բոլորը գիտեն՝ բացի նրանից, որ ծանր օդը տհաճ է, այն նաև հազար ու մի հիվանդությունների պատճառ կարող է դառնալ։	Y	հիվանդությունների	2163	    2,546	0.0051	863.0556	arm_news_2015_00275626
12496	Այսպիսով, կարող ենք նշել, որ ջրային թերապիան արդյունավետ է բոլոր հիվանդությունների դեպքում, ինչպես նաև՝ որպես կանխարգելիչ միջոց կարող են կիրառել բոլոր երեխաների համար։	Y	հիվանդությունների	2163	    2,546	0.0051	889.1429	arm_news_2017_00141343
12497	Սա հիմնական մեղադրանքի վերաբերյալ գործ չի, դրա համար էլ այսպես են իրականացնում»,- www.hra.am- ին ասաց Սահակյանը։	Y	www	2164	    2,545	0.0051	798.6667	arm_news_2015_00893327
12498	…Ու թե հեռացել եմ իմ երկրից, դա արել եմ՝ ո՛չ մեծ Կարդալ ավելին www.aad.am ԿԱՅՔԸ 3 ՏԱՐԵԿԱՆ.	Y	www	2164	    2,545	0.0051	799.0556	arm_news_2015_00825685
12499	Բայց, ամեն դեպքում, ինձ մոտ դրանք առաջանում են: https://www.	Y	www	2164	    2,545	0.0051	806.3	arm_news_2017_00219178
12500	Հատուկ նրանց համար, ովքեր հիմա էլ գրում են, թե «դա պիտի շուտ անեին»: https://www.	Y	www	2164	    2,545	0.0051	821.3333	arm_news_2017_00587544
12501	Իմ կարծիքը՝ թե ինչպես կարելի է դա անել, ես շարադրել եմ Ծրագրում, որի հետ յուրաքանչյուրը կարող է ծանոթանալ www.andrias.am կայքում։	Y	www	2164	    2,545	0.0051	842.7619	arm_news_2013_00444298
12502	Այնպես չէ, որ կա մի քաղաքական գործիչ, որը մեր երկրի մասին ավելի քիչ է մտածում, քան ես.	Y	գործիչ	2164	    2,545	0.0051	231.3529	arm_news_2013_00129897
12503	«Մեր հանդիպման ընթացքում ես բոլորովին այլ քաղաքական գործիչ էի տեսել։	Y	գործիչ	2164	    2,545	0.0051	553.3	arm_news_2017_00690098
12504	«Քաղաքական գործիչ կամ առաջնորդ դառնում են, այլ ոչ թե դարձնում».	Y	գործիչ	2164	    2,545	0.0051	604.2	arm_news_2015_00975344
12505	«Ես չգիտեմ, կա՞ որեւէ քաղաքական գործիչ, որն ասի՝ ժողովրդին ժողովրդի դեմ պետք է հանել։	Y	գործիչ	2164	    2,545	0.0051	624.2143	arm_news_2013_00350159
12506	Պարզ է, որ ԲՀԿ ղեկավարը դասական իմաստով քաղաքական գործիչ չէ։	Y	գործիչ	2164	    2,545	0.0051	792.1	arm_news_2015_00857906
12507	Ու եթե այս հարցը չլինի, իրենք ի՞նչ կարող են անել։	Y	չլինի	2165	    2,544	0.0051	302.8182	arm_news_2013_00815511
12508	Բայց դե մինչև դատական համակարգը անկախ չլինի` միշտ ինչ-որ բան այն չի լինելու։	Y	չլինի	2165	    2,544	0.0051	357.7857	arm_news_2013_00231351
12509	Ասեմ ավելին, եթե լավ բան չլինի արդյունքում, ապա վատ բան դժվար լինի։	Y	չլինի	2165	    2,544	0.0051	465.8182	arm_news_2017_00182504
12510	«Ի՞նչ եք անում, որպեսզի ձեր խոսքի եւ գործի մԻջեւ տարբերություն չլինի»: Նախարար.	Y	չլինի	2165	    2,544	0.0051	592.8462	arm_news_2015_00459106
12511	Տա Աստված, որ 2015թ-ին սահմանում չլինի զոհ, ոչ մեր կողմից, ոչ էլ հակառակորդի։	Y	չլինի	2165	    2,544	0.0051	685.2308	arm_news_2015_00943662
12512	Սա ՁԵՐ կյանքն է, ասում են` մեկ անգամ ենք ապրում։	Y	կյանքն	2166	    2,542	0.0051	310	arm_news_2013_00885584
12513	Ամեն մեկն իր կյանքն ապրում է այնպես, ինչպես ճիշտ է գտնում, ի՞նչ ասեմ.	Y	կյանքն	2166	    2,542	0.0051	462.8462	arm_news_2013_00100826
12514	«Ինձ համար հետաքրքիր է հայերի կյանքն ընդհանրապես` և հատկապես Հայոց ցեղասպանությունը.	Y	կյանքն	2166	    2,542	0.0051	583.3636	arm_news_2017_00428344
12515	ՏԵՍԱՆՅՈՒԹ «Իմ մահվան պատճառը իմ կյանքն էր» Դու տխուր ես, որովհետև դու ապրում ես..	Y	կյանքն	2166	    2,542	0.0051	637.5455	arm_news_2013_00948186
12516	Բայց բուն փորձը, բուն ընթացքը հենց կյանքն է որ կա։	Y	կյանքն	2166	    2,542	0.0051	896.8889	arm_news_2015_00247506
12517	Դա ինձ շատ հեշտ չի թվում, քանի որ հարցերը ինչ-որ առումով դժվար են և հիմնված են իմ ընտանիքի վրա.	Y	հիմնված	2166	    2,542	0.0051	355.2222	arm_news_2015_00309859
12518	Այն Հոգևոր Հայաստանը, Հայկական աշխարհը, որ մենք փորձում ենք կառուցել, պետք է հիմնված լինի նախ և առաջ հայ մշակույթի վրա։	Y	հիմնված	2166	    2,542	0.0051	440	arm_news_2015_00136232
12519	Նա գրում էր մարդու ազատության մասին, իրական բացարձակ ազատության, ուժի վրա հիմնված ազատության մասին։	Y	հիմնված	2166	    2,542	0.0051	621.5455	arm_news_2015_00741871
12520	Եթե ուզում ես կառուցել առողջ տնտեսական համակարգ, ավելին՝ առողջ սոցիալական համակարգ, դա իսկապես պետք է հիմնված լինի մի շարք քաղաքական ինստիտուտների վրա։	Y	հիմնված	2166	    2,542	0.0051	625.4	arm_news_2017_00315606
12521	Խորհուրդ ենք տալիս առաջին հերթին նշել բարձր թիվ՝ հիմնված Ձեր աշխատանքային փորձի և գիտելիքների վրա։	Y	հիմնված	2166	    2,542	0.0051	628	arm_news_2017_00494479
12522	NET Date: Thu, 22 Jan 2015 17:46:48 GMT Connection: close Content-Length: 40252 Ծառայությունից օգտվելու համար անհրաժեշտ է գաղտնագիր.	Y	thu	2167	    2,539	0.0051	596.2667	arm_news_2015_00073702
12523	NET Date: Thu, 22 Jan 2015 17:50:15 GMT Connection: close Content-Length: 24175 կենտրոնական ընտրական հանձնաժողով 25 մայիսի 2003թ.	Y	thu	2167	    2,539	0.0051	776.4286	arm_news_2015_00073729
12524	NET Date: Thu, 22 Jan 2015 17:41:03 GMT Connection: close Content-Length: 42707 կենտրոնական ընտրական հանձնաժողով ՀՀ կենտրոնական ընտրական հանձնաժողովի անդամներ Ծնվել է 1969թ.	Y	thu	2167	    2,539	0.0051	793	arm_news_2015_00073699
12525	NET Date: Thu, 22 Jan 2015 17:37:35 GMT Connection: close Content-Length: 27338 կենտրոնական ընտրական հանձնաժողով ՀՀ կենտրոնական ընտրական հանձնաժողովն ընդունում է 2015թ.	Y	thu	2167	    2,539	0.0051	886.1176	arm_news_2015_00073697
12526	Հրապարակվել է: Thu, Apr 5th, 2012 Կառավարությունը կատարել է 2012 թ. առաջին եռամսյակի բյուջետային ծրագիրը Այսօր տեղի է ունեցել ՀՀ կառավարության հերթական նիստը, որը վարել է ՀՀ վարչապետ Տիգրան Սարգսյանը։	Y	thu	2167	    2,539	0.0051	911.4167	arm_news_2013_00648292
12527	Այսօր նա արդեն Հայաստանում է։ 22:23 - 9.Հունիս.2014 Մարդ պետք է մի քիչ Ավո լինի.	Y	հունիս	2168	    2,538	0.0051	599.75	arm_news_2013_00163824
12528	Գլխավոր էջ » 2013 » Հունիս » 28 Երեկ տեղի է ունեցել ՀՀ կառավարության հերթական նիստը, որը վարել է ՀՀ վարչապետ Տիգրան Սարգսյանը, հայտնում են ՀՀ կառավարության տեղեկատվության եւ հասարակայնության հետ կապերի վարչությունից։	Y	հունիս	2168	    2,538	0.0051	736.1667	arm_news_2015_00291904
12529	Տեսնում եք համերաշխությունն ինչ լավ բան է»։ 9:01 - 27.Հունիս.2014 Ի՞նչ կադրային փոփոխություններ են սպասվում ԱԺ-ում.	Y	հունիս	2168	    2,538	0.0051	742.5	arm_news_2015_00952531
12530	Այն շատ կարևոր օր կլինի մեզ համար, և մենք շատ ուրախ ենք»: 35-ամյա արքայազնի և նրա 29-ամյա ընտրյալի պսակադրության մասին հայտնի է դարձել այս տարվա հունիս ամսվա վերջին։	Y	հունիս	2168	    2,538	0.0051	756.8	arm_news_2015_00137256
12531	Այս մասին գրում է «Հրապարակ»-ը: 9:00 - 18.Հունիս.2014 Նոր սկանդալ ԵՊՀ-ում.	Y	հունիս	2168	    2,538	0.0051	756.8182	arm_news_2013_00144273
12532	«Ուրեմն ի՞նչ կլինի ինձ հետ, պատկերացնում եք, եթե ինձ հետ լինի նման մի բան.	Y	պատկերացնում	2168	    2,538	0.0051	277.5385	arm_news_2013_00827631
12533	Ես նույնիսկ չէի էլ պատկերացնում,որ նրանք դա այսպես են անում.	Y	պատկերացնում	2168	    2,538	0.0051	386.3636	arm_news_2015_00363574
12534	Նախկինում հաղթել եմ նրանց և պատկերացնում եմ՝ ինչ է պետք անել։	Y	պատկերացնում	2168	    2,538	0.0051	490.8	arm_news_2017_00737184
12535	Այս պահին դուք այնքան էլ լավ չեք պատկերացնում ձեր կյանքի հետագա ընթացքը։	Y	պատկերացնում	2168	    2,538	0.0051	611	arm_news_2017_00138568
12536	Հրաշալի համակարգ է` ինչպես որ պատկերացնում էի: Շնորհակալ ենք, Արտակ ջան: Վերջապես..	Y	պատկերացնում	2168	    2,538	0.0051	901.75	arm_news_2017_00639744
12537	Բայց ունեմ սեփական կարծիք և համարում եմ, որ դա մեկ կամ մի քանի մարդու լուծելու խնդիր չէ։	Y	լուծելու	2169	    2,535	0.0051	353.4118	arm_news_2013_00236966
12538	Հիմա պարզապես խնդիր ունի նաև Ադրբեջանի, իր հարցերը լուծելու, իսկ մենք ստիպված այդ խաղի մեջ ենք։	Y	լուծելու	2169	    2,535	0.0051	408.75	arm_news_2015_00628389
12539	Եկեք մեզ մոտ ձեր խնդիրները լուծելու միայն այն դեպքում, երբ իրոք ուզում եք լուծել դրանք։	Y	լուծելու	2169	    2,535	0.0051	548.2667	arm_news_2017_00320015
12540	Մի՞թե այսպիսի ընտանիքը կարող է պատրաստ լինել ռազմական ճանապարհով լուծելու ղարաբաղյան հարցը։	Y	լուծելու	2169	    2,535	0.0051	632.9231	arm_news_2013_00706592
12541	Մինսկի խումբը ստեղծված չէ լուծելու ԼՂ հարցը, պետք է գնալ այլ ճանապարհով.	Y	լուծելու	2169	    2,535	0.0051	835.1667	arm_news_2017_00705230
12542	«Այո, ճիշտ եք, պետք է ավելի երկար մնալ և փորձել բոլոր հարցերի քննարկումներին մասնակցել»։	Y	քննարկումներին	2169	    2,535	0.0051	452.7857	arm_news_2013_00132200
12543	Ես մասնակցել եմ այդ քննարկումներին, բայց ոչ մի արդյունք չեմ լսել։	Y	քննարկումներին	2169	    2,535	0.0051	463	arm_news_2013_00347274
12544	Ի դեպ, այս օրերին Հայաստանում է նաև ԵՏՄ «վարչապետ» Տիգրան Սարգսյանը, որն ուղեկցում էր Սերժ Սարգսյանին՝ ԱՄՆ այցի ընթացքում, նրա հետ էլ Հայաստան է եկել՝ մասնակցելու այդ և այլ քննարկումներին, գրում է թերթը։	Y	քննարկումներին	2169	    2,535	0.0051	479.4516	arm_news_2017_00419929
12545	«Խոր քննարկումներ չկան ԶԼՄ-ում և չեն էլ կարող լինել, քանի որ այդ խոր քննարկումներին ամեն մեկը ունակ չէ: Իսկ մեր ԶԼՄ-ում հիմա, փաստորեն, ամեն մեկն է աշխատում (.	Y	քննարկումներին	2169	    2,535	0.0051	619.36	arm_news_2013_00513858
12546	Եթե քաղաքական ուժը խուսափում է, չի մասնակցում հիմնական օրենքի շուրջ քննարկումներին, ուրեմն՝ ինչի՞ համար է այդ քաղաքական ուժը։	Y	քննարկումներին	2169	    2,535	0.0051	620.7333	arm_news_2013_00333611
12547	Չէ՞ ֊ ապա դու պարզապես դատարկ հիմար ես, ով ուզում է իրեն ցույց տալ, բայց ցույց տալու բան չունի։	Y	դատարկ	2170	    2,534	0.0051	486.2353	arm_news_2017_00824028
12548	Ի վերջո, ինչպես ասում են, սուրբ տեղը դատարկ չի մնում.	Y	դատարկ	2170	    2,534	0.0051	514.7	arm_news_2013_00484242
12549	Այժմ եկեղեցին պաշտոնապես չի գործում և շատ ժամանակ դատարկ է լինում։	Y	դատարկ	2170	    2,534	0.0051	525.1818	arm_news_2013_00119264
12550	Եթե Հայաստանը կունենանք առանց հայերի, դատարկ Հայաստան, ի՞նչ Հայաստանի մասին կարող է խոսք լինել, ինչի՞ մասին է խոսքը։	Y	դատարկ	2170	    2,534	0.0051	527.7647	arm_news_2013_00328492
12551	Մենք լավ հասկանում ենք, որ այդ տեղը դատարկ չի մնա։	Y	դատարկ	2170	    2,534	0.0051	562.8	arm_news_2017_00680297
12552	Ո՞վ է ասում, որ իրենք միշտ հաղթող են դուրս գալիս։	Y	հաղթող	2170	    2,534	0.0051	319.8182	arm_news_2017_00797689
12553	Եվ մեկ անգամ չէ, որ մեկը կամ մյուսը հաղթող էին դուրս գալիս։	Y	հաղթող	2170	    2,534	0.0051	458.6667	arm_news_2015_00375089
12554	Սակայն դա չարվեց, իսկ այժմ այլևս անհնար է։ Կարծում եմ՝ դա հնարավոր էր մինչև 1994-ին, երբ Հայաստանը պատերազմի մեջ էր և հաղթող կողմ։	Y	հաղթող	2170	    2,534	0.0051	536.0952	arm_news_2015_00886200
12555	Հաղթող Հայաստան մենք կարող ենք ունենալ հետևյալ կերպ՝ պատերազմի ժամանակ ռազմական հաջողություններով, իսկ խաղաղ ժամանակ մենք կարող ենք այն ունենալ գիտական հաջողություններով։	Y	հաղթող	2170	    2,534	0.0051	650.25	arm_news_2013_00556158
12556	Մ.» թիմը, որն իր պատմության ընթացքում առաջին անգամ դարձավ մրցաշարի հաղթող:..	Y	հաղթող	2170	    2,534	0.0051	700.5455	arm_news_2015_00705720
12557	«Գլխավոր արդյունքը այս ընտրությունների այն էր, որ ոչ թե այն է, որ հաղթեց Հանրապետական կուսակցությունը, այլ հաղթեց ՀՀԿ եւ ԲՀԿ տանդեմը»,- «Ա1+»-ին ասաց նա։	Y	հաղթեց	2171	    2,533	0.0051	582.5455	arm_news_2013_00275581
12558	Երբ մենք խոսում էինք ղարաբաղյան պատերազմի մասին, երկար ժամանակ բոլոր ուսումնասիրողները ասում էին, թե ով հաղթեց այնտեղ։	Y	հաղթեց	2171	    2,533	0.0051	601.4706	arm_news_2017_00354521
12559	Ես շատ ուրախ եմ այն բանի համար, որ Ռոնալդուն հաղթեց այդ տիտղոսը, որովհետեւ ամեն օր նա աշխատում է 200 տոկոսով։	Y	հաղթեց	2171	    2,533	0.0051	658.3158	arm_news_2015_00363954
12560	Հիշեցնենք, որ առաջին հանդիպման ժամանակ «արքայական» ակումբը հաղթեց 3։0 հաշվով, իսկ պատասխան հանդիպումը տեղի կունենա ապրիլի 9-ին։	Y	հաղթեց	2171	    2,533	0.0051	702.625	arm_news_2015_00631821
12561	«Մենք ավելին ենք, քան հաղթողներ: Մեր ծնված իսկ պահից մենք արդեն հաղթողներ ենք: Հիսուսը հաղթեց այս աշխարհում ամեն բան և այժմ այդ հաղթանակը պատկանում է մեզ.	Y	հաղթեց	2171	    2,533	0.0051	815.4783	arm_news_2017_00678565
12562	Այնտեղ մարդիկ կան, որ ՀՀԿ-ից են, թե ԲՀԿ-ից են՝ դա ինձ չի հետաքրքրում։	Y	հետաքրքրում	2171	    2,533	0.0051	289.0769	arm_news_2015_00142995
12563	Իսկ ո՞վ է որոշել, թե դա ոչ մեկին չի հետաքրքրում։	Y	հետաքրքրում	2171	    2,533	0.0051	371.6364	arm_news_2017_00460300
12564	Իսկ թե ինչ է ասում Հովիկ Աբրահամյանը, ո՞ւմ է հետաքրքրում։	Y	հետաքրքրում	2171	    2,533	0.0051	490.8	arm_news_2017_00456364
12565	Ինձ հետաքրքրում է այն, թե ինչ դեր կարող է ունենալ բանկը երկրի տնտեսական աճի գործում։	Y	հետաքրքրում	2171	    2,533	0.0051	587.2857	arm_news_2013_00447939
12566	Լրագրողներին հետաքրքրում էր, թե ինչու «Դաշինքի»» հայտարարությունը չի ստորագրել ՀՅԴ-Ն։	Y	հետաքրքրում	2171	    2,533	0.0051	855.0909	arm_news_2013_00504410
12567	Մի կողմից կարող եմ ասել, որ յուրօրինակ անակնկալներ չեն եղել, բայց մյուս կողմից էլ՝ ամեն ինչ անակնկալ էր»։	Y	յուրօրինակ	2171	    2,533	0.0051	516.9412	arm_news_2015_00714241
12568	Ստեղծել յուրօրինակ մի բան, որ կմնա՝ որպես գործունեության ցանկացած ոլորտի օգտակար և լավագույն օրինակ, և ես դեռ այդ ճանապարհին եմ։	Y	յուրօրինակ	2171	    2,533	0.0051	517.5789	arm_news_2015_00918756
12569	Սա յուրօրինակ համախմբման օր է լինելու, ինչը նորանկախ Հայաստանի պատմության մեջ միայն մեկ անգամ է տեղի ունեցել՝ 23 տարի առաջ։	Y	յուրօրինակ	2171	    2,533	0.0051	669.7222	arm_news_2015_00896477
12570	Նախնական տվյալներով՝ արդեն ավելի քան 5000 մարդ ցանկություն է հայտնել այցելել այդ յուրօրինակ վայրը։	Y	յուրօրինակ	2171	    2,533	0.0051	767.1538	arm_news_2017_00737743
12571	Նշանավոր մեկն ասել է. «Վատ է այն զինվորը, որ չի ուզում գեներալ դառնալ»: Սակայն, կարծում եմ, շատ ավելի վատ է այն զինվորը, որ ամեն գնով փորձում է գեներալ դառնալ: Յուրօրինակ երկիր ենք կառուցում.	Y	յուրօրինակ	2171	    2,533	0.0051	772.9167	arm_news_2015_00770763
12572	Մի քանի տարի առաջ մտածում էի, թե հնարավոր է այդ երկրի ղեկավարության հետ լեզու գտնել, սակայն նրանք մի բան խոսում են, մեկ այլ բան մտածում ու անում։	Y	լեզու	2172	    2,531	0.0051	332.125	arm_news_2017_00710479
12573	Եւ հասկանալի է, որ չի էլ կարող փոխվել, քանի դեռ չկա նոր լեզու։	Y	լեզու	2172	    2,531	0.0051	396.2308	arm_news_2015_00402171
12574	Այս իշխանությունները միայն մի լեզու են հասկանում՝ ժողովուրդ+Ազատության հրապարակ»,- նշել է ՀԱԿ խմբակցության ղեկավարը։	Y	լեզու	2172	    2,531	0.0051	511.2	arm_news_2015_00156230
12575	Որ երկրում էլ ապրում են՝ ոչ մի լեզու չեն սովորում։	Y	լեզու	2172	    2,531	0.0051	526.6	arm_news_2013_00807468
12576	Իսկ դա շատ կարևոր է, որովհետև ես կարող եմ իմ ընդդիմախոսի հետ լեզու գտնել միայն օրենքի շրջանակներում։	Y	լեզու	2172	    2,531	0.0051	532.4706	arm_news_2015_00484318
12577	Ասում են՝ էս ինչ որ անում եք՝ սխալ է, անիմաստ է։ Ի՞նչ են ուզում։	Y	անիմաստ	2173	    2,530	0.0051	313.7692	arm_news_2017_00183629
12578	Եվ սա այն դեպքում, երբ հանրության մեծ մասը ևս համարում է անիմաստ։	Y	անիմաստ	2173	    2,530	0.0051	401.9167	arm_news_2017_00342383
12579	Սակայն չի եղել առանց խնդիրների, որոնք, ի դեպ, ստեղծվել են անիմաստ տեղը»,- նշել է նախագահը։	Y	անիմաստ	2173	    2,530	0.0051	413.6667	arm_news_2015_00891106
12580	Հիմա այդ «ո՞նց ես»-ը անիմաստ է դարձել՝ տեսել ենք։	Y	անիմաստ	2173	    2,530	0.0051	519.4545	arm_news_2015_00626014
12581	Կարծում եմ անիմաստ է ամեն մարտի համար առանձին թեմա բացել։	Y	անիմաստ	2173	    2,530	0.0051	657.5	arm_news_2013_00534276
12582	Այնպես որ` Սերժ Սարգսյանը սեպտեմբերի 3-ին Մոսկվայում ընդամենը թղթի վրա արձանագրել է իր եւ Ռոբերտ Քոչարյանի 15-ամյա «համատեղ աշխատանքի» արդյունքները։	Y	արձանագրել	2173	    2,530	0.0051	527.25	arm_news_2013_00129749
12583	Նա ընդամենը փաստ է արձանագրել, եւ ես չեմ կարող դրա մեջ վիրավորական կամ ոչ վիրավորական փաստ տեսնել։	Y	արձանագրել	2173	    2,530	0.0051	561.3333	arm_news_2013_00738764
12584	Իսկ հիմա պետք է պարզապես արձանագրել, որ քրեական այս գործով մարտի 1-ի հիմնական «շահառու» Սերժ Սարգսյանը քաղաքական խնդիր է լուծում։	Y	արձանագրել	2173	    2,530	0.0051	561.6842	arm_news_2013_00478764
12585	Բայց արդեն կարող ենք արձանագրել, որ այցը ունենալու է պատմական նշանակություն։	Y	արձանագրել	2173	    2,530	0.0051	581.5455	arm_news_2013_00230414
12586	Միեւնույն ժամանակ ես կարող եմ ասել, որ այս պահին մենք որեւէ օրենքի խախտում չենք արձանագրել։	Y	արձանագրել	2173	    2,530	0.0051	584.3333	arm_news_2015_00711566
12587	Արգելվում է նույն հայտարարությունը (կամ նույն իմաստը պարունակող հայտարարությունը) երկրորդ անգամ տեղադրել կայքում, քանի դեռ այն ուժի մեջ է: 1.2.	Y	պարունակող	2174	    2,529	0.0051	759.3125	arm_news_2015_00227833
12588	Հայկական ժամանակ Ինչո՞ւ ենք 30 տարի պահում այդ գործը Անվանարկում և վիրավորանքներ պարունակող մեկնաբանությունները չեն թողարկվի: Զոհի դեմ զոհ և մի քանի անգամ ավելի շատ.	Y	պարունակող	2174	    2,529	0.0051	918.0417	arm_news_2015_00588323
12589	Առաջին հերթին պետք է վերլուծել այն իրադրությունը, որն այսօր ձևավորվել է Հայաստանի Հանրապետությունում՝ թե՛ տնտեսության զարգացման, թե՛ ժողովրդագրական խնդիրների, թե՛ նաև անվտանգության համակարգի մեջ պարունակող մի քանի այլ ուղղությունների մասին։	Y	պարունակող	2174	    2,529	0.0051	935.0741	arm_news_2017_00177431
12590	Եվ դա այն դեպքում, երբ մենք գտնվում ենք ցանկացած պահի տաքացման պոտենցիալ պարունակող սառը պատերազմի մեջ։	Y	պարունակող	2174	    2,529	0.0051	947.25	arm_news_2013_00355773
12591	Իր ողջ կյանքի ընթացքում Ռոզմարիան ոչ մի անգամ անձնական հարաբերություն չի ունեցել ու այժմ նա բոլորին փորձում է ապացուցել, թե ինչ վտանգ են ներկայացնում արծաթ պարունակող դեղամիջոցները։	Y	պարունակող	2174	    2,529	0.0051	1000.1481	arm_news_2013_00491336
12592	Իսկ եթե այդ հաշվառման տվյալները ոչ մի ընդհանուր բան չունեն իրական պատկերի հետ, ապա ընդհանրապես անհասկանալի է, թե ինչու են դրանք հրապարակվում։	Y	հաշվառման	2175	    2,522	0.0051	753	arm_news_2015_00484850
12593	Գլխավոր Արտաքին քաղաքականություն «ՀՀ և ՌԴ տարածք մուտք գործելուց հետո երկու երկրների քաղաքացիները կարող են հաշվառման կանգնել 30 օրվա ընթացքում».	Y	հաշվառման	2175	    2,522	0.0051	784.5263	arm_news_2015_00291403
12594	Էն, ինչ բարձրացնում էր պրն Հակոբյանը, այո՛, այդ խնդիրը կա, բայց տվյալ պարագայում այն, ինչ մենք ներկայացնում ենք, նպատակային ուղղված է այն խնդրի լուծմանը, որը կապված է հաշվառման հետ։	Y	հաշվառման	2175	    2,522	0.0051	798.1923	arm_news_2013_00395982
12595	Connection: close X-Powered-By: PHP/5.4.28 Սյունիքի մարզում երեխաների հաշվառումը կատարվել է 60 տոկոսով Սյունիքի մարզում շարունակվում են մինչեւ 16 տարեկան երեխաների պարտադիր հաշվառման աշխատանքները։	Y	հաշվառման	2175	    2,522	0.0051	865.65	arm_news_2013_00048448
12596	Connection: close X-Powered-By: PHP/5.4.28 Հաշվապահական հաշվառման բաժնի պետ 1962թ., 21-ը նոյեմբերի.	Y	հաշվառման	2175	    2,522	0.0051	873.7692	arm_news_2013_00048273
12597	Բայց այժմ հայտնվել է մասնագետ, որ դա կարող է անել։	Y	մասնագետ	2176	    2,521	0.0051	383.7778	arm_news_2015_00245961
12598	Եվ ինձ թվում է, կարող եմ ինձ լավ մասնագետ համարել։	Y	մասնագետ	2176	    2,521	0.0051	438.3333	arm_news_2015_00373133
12599	Եվ շատ դժվար է լավ մասնագետ դառնալ առանց լավ կրթության։	Y	մասնագետ	2176	    2,521	0.0051	470.4444	arm_news_2013_00359936
12600	Չկար մասնագետ, որը կարող էր խորհուրդ տալ, և մենք նրան չենք դիմել։	Y	մասնագետ	2176	    2,521	0.0051	504.8333	arm_news_2015_00845041
12601	Ադրբեջանում ոչ միայն նման միջոցառումների կազմակերպման փորձ չկա, այլեւ մասնագետ չկա։	Y	մասնագետ	2176	    2,521	0.0051	957.7	arm_news_2017_00073687
12602	Օգոստոսի 16-ից, երբ Երևանում ՌԴ պաշտպանության նախարարության բարձրաստիճան ներկայացուցիչները հայտարարեցին այդ առաջիկա գործի մասին, ինչպես տեսնում ենք, ընդամենը երեք ամիս է անցել, և արդեն արդյունք կա։	Y	բարձրաստիճան	2177	    2,520	0.0051	597	arm_news_2017_00984293
12603	Նա ձեզ ասաց, պրն Աբրահամյան, 24 տարի է, մեր գյուղում բարձրաստիճան պաշտոնյա չի եղել, որ այսօր դուք ձեր ոտքով եկել, հասել եք, մենք շնորհակալություն ենք հայտնում, մեզ պետք չէ ոչ մի բան։	Y	բարձրաստիճան	2177	    2,520	0.0051	612.0645	arm_news_2013_00749578
12604	Այս մասին այն ժամանակ մեզ տեղեկացրել էր կառավարության բարձրաստիճան աղբյուրը։	Y	բարձրաստիճան	2177	    2,520	0.0051	640.2	arm_news_2017_00134172
12605	«Հայկական ժամանակ» Մեզ Հայաստանի բարձրաստիճան պաշտոնյաները վստահեցնում են, որ սեպտեմբերի 3-ի Հայաստանի հայտարարությունը եղել է Հայաստանի ինքնուրույն որոշումը եւ մենք հասկանում ենք այդ որոշումը։	Y	բարձրաստիճան	2177	    2,520	0.0051	655.5238	arm_news_2013_00578381
12606	Գիտեք՝ դա առաջին անգամ չէ, երբ որ ադրբեջանական բարձրաստիճան պաշտոնյաներն ասում են, թե իրենք չգիտեին: Մեկ ձեռքը մի բան է անում, մյուս ձեռքը՝ ուրիշ բան է անում։	Y	բարձրաստիճան	2177	    2,520	0.0051	722.5652	arm_news_2017_00261898
12607	Այսպես էր նաեւ երեկ, երբ նշվում էր նրա ծննդյան 80-ամյակը։	Y	ամյակը	2178	    2,518	0.0051	515	arm_news_2015_00168055
12608	Նա մի քանի անգամ եղել է նաև Հայաստանում, իսկ 2013 թվականին նա ժամանել էր այստեղ՝ տոնելու կազմակերպության 60-ամյակը։	Y	ամյակը	2178	    2,518	0.0051	601.4375	arm_news_2017_00741627
12609	Այս տարի նշում ենք Հայաստանի եւ Մեծ Բրիտանիայի միջեւ դիվանագիտական հարաբերությունների 20—ամյակը, եւ կարելի է ասել, որ դրանք ամուր հիմքերի վրա են։	Y	ամյակը	2178	    2,518	0.0051	675.9524	arm_news_2013_00153146
12610	Այժմ նա ընտանիքի հետ գտնվում է Ավստրիայում, որտեղ այսօր նշում է իր ծննդյան 74–ամյակը։	Y	ամյակը	2178	    2,518	0.0051	693.5385	arm_news_2013_00119947
12611	“Ցեղասպանության 100-ամյակը 2015 թվականին է, այսօր 2010-ն է դեռ, դժվար է իմանալ` 5 տարի հետո ինչ կլինի: Ղարաբաղի պահով..	Y	ամյակը	2178	    2,518	0.0051	708.4	arm_news_2015_00964138
12612	Առանց այն էլ ես իմ աշխատավարձի համեմատ անում եմ ավելին։	Y	աշխատավարձի	2178	    2,518	0.0051	445.9	arm_news_2017_00173276
12613	Նման վիճակում են հայտնվել մյուս դատախազները ևս և շուրջ չորս տարի ստանում են աշխատավարձի մի մասը միայն։	Y	աշխատավարձի	2178	    2,518	0.0051	656.6875	arm_news_2013_00763888
12614	Այսօր միջին թոշակը մեզ մոտ կազմում է միջին աշխատավարձի 23%-ը, Ուկրաինայում այն 45% է, ՌԴ-ում՝ 1/3-ը, ԵՄ-ում՝ 45 տոկոսը։	Y	աշխատավարձի	2178	    2,518	0.0051	716.5333	arm_news_2015_00181158
12615	Նախօրեին Կրթության և գիտության նախարարության ղեկավար կազմի հետ հանդիպման ժամանակ ՀՀ նախագահ Սերժ Սարգսյանը հայտնեց, որ Հայաստանում նվազագույն աշխատավարձի չափը 2017թ.	Y	աշխատավարձի	2178	    2,518	0.0051	721.6667	arm_news_2013_00747727
12616	Թեև այս ոլորտում ևս վերջին մեկ տարվա ընթացքում աշխատավարձի էական աճ չի գրանցվել (ավելացել է 4,5 տոկոսով)։	Y	աշխատավարձի	2178	    2,518	0.0051	727.375	arm_news_2013_00418854
12617	Ես ամենից շատ սիրում եմ ընկերոջը նրա համար, որ նա թերություններ ունի, որոնց մասին կարելի է խոսել նրա հետ։	Y	ընկերոջը	2178	    2,518	0.0051	501.8889	arm_news_2015_00356370
12618	Օրինակ՝ դուք ձեր ընկերոջը գրում եք ձեզ համար կարեւոր մի բանի մասին, իսկ նա կամ չի պատասխանում կամ խուսափողական պատասխան է տալիս։	Y	ընկերոջը	2178	    2,518	0.0051	586.9048	arm_news_2017_00990420
12619	Ես չեմ կարա ասել՝ սա վատ բան է։ Հա՛, լավ բան է։ Ասենք, մարդը կարող է դավաճանել իր ընկերոջը, ասել՝ ի՞նչ վատ ա, նրա հետ էլ եմ ընկերություն անում։	Y	ընկերոջը	2178	    2,518	0.0051	614.28	arm_news_2015_00365129
12620	Մարդկանց, իմ ընկերոջը, որ ասում էի՝ վեր կաց, ասում էր՝ չէ, դե մեզ ի՞նչ պետք է անեն։	Y	ընկերոջը	2178	    2,518	0.0051	659	arm_news_2013_00672602
12621	Մի անգամ, երբ գործազուրկ էին, նա իմացել էր, թե ինչ-որ տեղ աշխատանք կար և ընկերոջը չէր ասել։	Y	ընկերոջը	2178	    2,518	0.0051	676.8333	arm_news_2013_00704206
12622	Նա ներկայացնում է, թե ինչու է իշխող ուժի հետ գնում.	Y	իշխող	2178	    2,518	0.0051	436.1111	arm_news_2017_00742690
12623	Դա է պատճառը, որ իշխող կուսակցության անդամները հաճախ ասում են մի բան, իսկ հետո պարզվում է, որ նախագահը լրիվ այլ բան է անում կամ ասում։	Y	իշխող	2178	    2,518	0.0051	453.1	arm_news_2015_00309315
12624	Սարգսյանը ապրիլի 3–ին հրաժարական է տվել, որն ընդունվել է իշխող ՀՀԿ–ի կողմից։	Y	իշխող	2178	    2,518	0.0051	587.25	arm_news_2013_00889746
12625	Ես համարում եմ, որ, այո, հնարավոր է։ Իշխող կուսակցությունը փորձում է մոտ 5 մլրդ դրամով գնել..	Y	իշխող	2178	    2,518	0.0051	634.5714	arm_news_2013_00345958
12626	Առավել մանրամասն` թերթի այսօրվա համարում Հաջորդ վարչապետը հնարավոր է իշխող կուսակցության ներկայացուցիչ չլինի.	Y	իշխող	2178	    2,518	0.0051	837.5385	arm_news_2017_00178939
12627	Սա Հայաստանի համար խնդիր չէ՞, ըստ Ձեզ: - Որովհետև իրենց արմատները չեն աճում ժողովրդի ու հասարակության մեջ.	Y	աճում	2179	    2,517	0.005	518.125	arm_news_2013_00883526
12628	Եվ միայն նրանք, ովքեր խոսում են ապագայի մասին, աճում են։	Y	աճում	2179	    2,517	0.005	562.8889	arm_news_2015_00375391
12629	Իհարկե, նա աշխատում է իր վրա, զարգանում է ու աճում որպես անհատականություն, սակայն նա այդ չի անում հանուն ինչ-որ մեկի, այլ հանուն իրեն։	Y	աճում	2179	    2,517	0.005	568.9048	arm_news_2013_00442217
12630	Աճում է այն երկրների թիվը, որոնք ցանկանում են համագործակցել մեզ հետ ռազմական ոլորտում։	Y	աճում	2179	    2,517	0.005	574	arm_news_2015_00101417
12631	Ընդամենը 20 տարում (1983-ին) այն դառնում է 90.5 մլրդ, իսկ 2013-ին՝ 1304.6 մլրդ։ 20 այն աճում է 24 անգամ, իսկ 50 տարում աճ 343 անգամ։	Y	աճում	2179	    2,517	0.005	606.0909	arm_news_2015_00414363
12632	ՀՀԿ-ից ասել են, որ այս շաբաթ նիստ չի լինելու։	Y	նիստ	2179	    2,517	0.005	336.2	arm_news_2015_00638651
12633	Սակայն այժմ այդ հարցը տեղափոխվել է հաջորդ նիստ, որը տեղի կունենա նոյեմբերի 18-ին։	Y	նիստ	2179	    2,517	0.005	424.1538	arm_news_2015_00884563
12634	Սերժ Սարգսյանը Ազգային անվտանգության խորհրդի նիստ է հրավիրել ՀՀԿ նախագահ, ՀՀ ազգային անվտանգության խորհրդի նախագահ Սերժ Սարգսյանն այսօր երեկոյան հրավիրել է Ազգային անվտանգության խորհրդի նիստ:..	Y	նիստ	2179	    2,517	0.005	495.0714	arm_news_2017_00889147
12635	Տեղի է ունեցել ՀԱԿ վարչության նիստ, քննարկվել է քաղաքական իրավիճակը Փետրվարի 8-ին տեղի է ունեցել «Հայ ազգային կոնգրեսի» վարչության նիստ, որի ժամանակ տեղի է ունեցել քաղաքական իրավիճակի վերաբերյալ քննարկում։	Y	նիստ	2179	    2,517	0.005	636.4211	arm_news_2013_00946471
12636	«Փաստորեն՝ բոլորս այստեղ ենք, կարող ենք նույնիսկ կառավարության նիստ անցկացնել.	Y	նիստ	2179	    2,517	0.005	787.4444	arm_news_2015_00968115
12637	Եվ սա այն դեպքում, երբ մարտի 30-ի և 31-ի ցրտերը համարվում են աննախադեպ վերջին մի քանի տարիների համար։	Y	աննախադեպ	2180	    2,516	0.005	521.3529	arm_news_2013_00360990
12638	Եվ սա այն դեպքում, երբ մարտի 30-ի եւ 31-ի ցրտերը համարվում են աննախադեպ վերջին մի քանի տարիների համար։	Y	աննախադեպ	2180	    2,516	0.005	521.7059	arm_news_2013_00360991
12639	Սա այն դեպքում, երբ մարտի 30-ի և 31-ի ցրտերը համարվում են աննախադեպ վերջին մի քանի տարիների համար։	Y	աննախադեպ	2180	    2,516	0.005	546.875	arm_news_2013_00873361
12640	Նշանակում է՝ կա՛մ ուզում են աննախադեպ իշխող լինել, կա՛մ կա մի քաղաքական ուժ, որին ուզում են անցկացնել։	Y	աննախադեպ	2180	    2,516	0.005	623.6429	arm_news_2013_00764686
12641	Պարզ է, որ հոկտեմբերի 10–ը մեկնարկային, այլ ոչ թե հանգրվանային ամսաթիվ է քաղաքական այս պայքարում, բայց հոկտեմբերի 10–ն արդեն աննախադեպ է, ու ինչ–որ առումով՝ նաև պատմական, և ահա թե ինչու։	Y	աննախադեպ	2180	    2,516	0.005	627.5385	arm_news_2015_00857981
12642	Իսկ եթե մարդիկ առնում են, ուրեմն ապրանքը նրանց պետք է նույնիսկ բարձր գնի դեպքում..	Y	ապրանքը	2180	    2,516	0.005	583.5714	arm_news_2013_00474127
12643	Մի շարք խանութներում ինձ ասում էին, որ կարող են փոխել ապրանքը կամ ետ վերցնել, միայն նույն օրը ետ բերելու դեպքում՝ ոչ ուշ։	Y	ապրանքը	2180	    2,516	0.005	674.1429	arm_news_2015_00719807
12644	«Իսկ սեփական ձեռնարկություններն աշխատում են, այդ դեպքում ի՞նչ անել սեփական ապրանքը։	Y	ապրանքը	2180	    2,516	0.005	707.9091	arm_news_2013_00481748
12645	Տղամարդիկ ավելի պարզ են, քան մենք, նրանք լավ գիտենք, որ լավ ապրանքը գովազդի կարիք չունի։	Y	ապրանքը	2180	    2,516	0.005	744.5	arm_news_2013_00953150
12646	Տղամարդիկ ավելի պարզ են, քան կանայք, նրանք լավ գիտենք, որ լավ ապրանքը գովազդի կարիք չունի։	Y	ապրանքը	2180	    2,516	0.005	791.0714	arm_news_2015_00955897
12647	Իսկ ո՞վ է ասել, որ դաշտը պիտի հավասար լինի։	Y	դաշտը	2181	    2,514	0.005	447.4	arm_news_2013_00480722
12648	«Մենք ապրում ենք Հայաստանում և քաղաքական դաշտը ամբողջ ժողովրդի համար է, ոչ թե ինչ-որ առանձին անհատների։	Y	դաշտը	2181	    2,514	0.005	467.8824	arm_news_2015_00690809
12649	Բայց քանի որ մեզ մոտ քաղաքական դաշտը կայացած չէ, քաղաքական պայքար չեմ տեսնում.	Y	դաշտը	2181	    2,514	0.005	514.75	arm_news_2013_00238380
12650	Չի կարելի կառուցողական լինել այն մարդկանց հետ, ովքեր ոչ մի ձևով չեն գնահատում կառուցողական դաշտը։	Y	դաշտը	2181	    2,514	0.005	625	arm_news_2013_00835664
12651	Փետրվարի 19-ից հետո ստեղծվում է նոր իրավիճակ, և կարծես դաշտը ազատ է գործունեության համար։	Y	դաշտը	2181	    2,514	0.005	637.3846	arm_news_2015_00969382
12652	Եվ միայն ընտրություններից հետո պարզ դարձավ, թե ով է ԱՄՆ հերթական նախագահը։	Y	ընտրություններից	2181	    2,514	0.005	352.75	arm_news_2017_00340731
12653	Այդպես նրանք գրում էին ԱԺ ընտրություններից հետո և նախագահական ընտրություններից առաջ։	Y	ընտրություններից	2181	    2,514	0.005	414.2	arm_news_2013_00116144
12654	Մայիսի 6-ի խորհրդարանական ընտրություններից հետո պարզ չէր, թե նոր կառավարությունը ինչ տեսք կունենա։	Y	ընտրություններից	2181	    2,514	0.005	518.9231	arm_news_2013_00662229
12655	Ժողովրդի հետ մենք աշխատում ենք տարիներ շարունակ, այլ ոչ թե ընտրություններից ընտրություն։	Y	ընտրություններից	2181	    2,514	0.005	606.5	arm_news_2017_00418778
12656	Իտալիայի հերթական ընտրություններից հետո չի պատրաստվում մնալ կառավարության ղեկավարի պաշտոնում: News.	Y	ընտրություններից	2181	    2,514	0.005	910.6364	arm_news_2013_00484946
12657	16. Խոշոր ավտովթար-հրդեհ Երևանում Հունվարի 24-ին խոշոր ավտովթար ու հրդեհ է տեղի ունեցել Երևանում` հայտնում է shamshyan.	Y	հրդեհ	2182	    2,513	0.005	595.4167	arm_news_2013_00007654
12658	«Ես հարմար տեղում չեմ եւ չեմ կարող խոսել այս մասին»: Հրդեհ Գյումրու Սբ.	Y	հրդեհ	2182	    2,513	0.005	616.5833	arm_news_2013_00346523
12659	«Մենք միշտ բաց ենք, մանավանդ, որ ԵԱՀԿ-ն իսկապես կարևոր դեր է խաղում ոչ միայն հրդեհ բռնկվելու պահին», - ասել է նախարարը։	Y	հրդեհ	2182	    2,513	0.005	719	arm_news_2015_00694711
12660	Այսօր` օգոստոսի 17-ին, խոշոր հրդեհ է տեղի ունեցել Երևանում: Ժամը 07:10-ի սահմ..	Y	հրդեհ	2182	    2,513	0.005	741.5	arm_news_2013_00165579
12661	Փետրվարի 16-ին, ժամը 14.52-ին ահազանգ է ստացվել, որ հրդեհ է բռնկվել Երեւանի Մ. Ավետիսյան 2-րդ փողոցի թիվ 13ա շենքի մոտ։	Y	հրդեհ	2182	    2,513	0.005	857.2222	arm_news_2015_00969345
12662	2) յուրաքանչյուր մեկ օրվա համար՝ 500 դրամ. 3) մեկ շաբաթվա համար՝ 1000 դրամ. 5) մեկ տարվա համար (մինչև 2013 թվականի դեկտեմբերի 31-ը ներառյալ)՝ 12000 դրամ.	Y	ներառյալ	2182	    2,513	0.005	476.0833	arm_news_2013_00022008
12663	Սույն օրենքն ուժի մեջ է մտնում 2015 թվականի հուլիսի 1-ից և գործում է մինչև 2018 թվականի դեկտեմբերի 31-ը ներառյալ: 2017թ.	Y	ներառյալ	2182	    2,513	0.005	588.3125	arm_news_2017_00903566
12664	2) յուրաքանչյուր մեկ օրվա համար` մինչև 2500 դրամ ներառյալ. 3) մեկ շաբաթվա համար` մինչև 5000 դրամ ներառյալ. 4) մեկ ամսվա համար` մինչև 25000 դրամ ներառյալ.	Y	ներառյալ	2182	    2,513	0.005	672.1111	arm_news_2015_00026814
12665	Եվ նրանց մեծամասնությունը, ներառյալ իմ բոլոր գործավարները, աշխատել են այնտեղ շատ ավելի վաղ, քան ես այնտեղ հայտնվել եմ։	Y	ներառյալ	2182	    2,513	0.005	696.8235	arm_news_2013_00359863
12666	Ցանկացողները մինչև ս/թ դեկտեմբերի 15-ից մինչև 20-ը ներառյալ կարող են դիմել Երևանի քաղաքապետարանի..	Y	ներառյալ	2182	    2,513	0.005	704.6923	arm_news_2013_00959729
12667	«Քաղաքական բաղադրիչն այս խորհրդարանում ավելի մեծ է։ ՀՀԿ կազմում կան մարդիկ, որ նախկինում էլ են եղել, եւ 26 նոր պ..	Y	պ	2183	    2,511	0.005	562.3684	arm_news_2013_00975037
12668	Մեկ էլ «խ»-ին, «պ»-ին ես քեզ հետ բերել.	Y	պ	2183	    2,511	0.005	570.7778	arm_news_2015_00687740
12669	Պ. Սևակ Ես քեզ սպասում եմ… գիտեմ չես գալու՝ էլ չես կարող գալ, բայց ինչու՞ է ինձ թվում, թե դու գալու ես: Ես սպասում եմ քեզ.	Y	պ	2183	    2,511	0.005	603.8947	arm_news_2017_00852022
12670	Պ. — Այդ հարցին չեմ կարող պատասխանել, որովհետև ես ՀՀՇ-ի անդամ չեմ։	Y	պ	2183	    2,511	0.005	685.1818	arm_news_2017_00830954
12671	Մարդիկ պատմության մեջ են մտնում նաև այն խոսքերով, որոնք վերջին անգամ են արտաբերում: Պարզվում է, որ պ..	Y	պ	2183	    2,511	0.005	716.25	arm_news_2013_00672247
12672	«Հայկական ժամանակ» «Հայկական ժամանակ»-ը գրում է. «Ահա անցավ ևս մեկ տարի: Եվ չնայած տարին չափազանց ծանր էր, չնայած եկող..	Y	անցավ	2184	    2,510	0.005	502.1176	arm_news_2015_00588473
12673	Անցավ մի ժամ, երկու, չորս, անցավ հինգ ժամ, իսկ նա չկա։	Y	անցավ	2184	    2,510	0.005	509	arm_news_2015_00194261
12674	Բայց այն, ինչ տեղի ունեցավ երեկ, ինձ համար անցավ բոլոր սահմանները.	Y	անցավ	2184	    2,510	0.005	572.2727	arm_news_2013_00229628
12675	Անցավ շատ ժամանակ,իսկ ես Նրան շատ էի հարցնում իր այդ արարքի մասին,բայց միշտ ստանում էի նույն պատասխանը,,Սիրում եմ քեզ.	Y	անցավ	2184	    2,510	0.005	574	arm_news_2013_00177223
12676	Անցավ մի քանի ամիս, և նա մի օր էլ ինձ ասաց, որ իրենք արդեն նվագում ու երգում են։	Y	անցավ	2184	    2,510	0.005	577.1765	arm_news_2015_00194264
12677	Եվ նա միշտ եղել է իշխանության մեջ, իր ժամանակ էլ այդ բոլոր թերությունները եղել են, այդ ինչո՞ւ այն ժամանակ չէր նկատում, հիմա է զգում։	Y	նկատում	2184	    2,510	0.005	405.6667	arm_news_2017_00341060
12678	Քանի դեռ նկատում ես, որ այլևս չես նկատում, նշանակում է դեռ նկատում ես։	Y	նկատում	2184	    2,510	0.005	464.5556	arm_news_2015_00978995
12679	Երբ մայրը նրան խղճում էր, նա այդ չէր նկատում, նրան թվում էր, որ դա այդպես էլ պետք է լինի, որ դա միևնույն է, թե ինքն է իրեն խղճում։	Y	նկատում	2184	    2,510	0.005	515.4286	arm_news_2015_00387669
12680	Adme-ն ներկայացնում է մի քանի սխալ, որ անում են, գրեթե, բոլորը, սակայն չեն նկատում։	Y	նկատում	2184	    2,510	0.005	605.8667	arm_news_2017_00041882
12681	Հիմա էլ կարծես ես չեմ փոխվել, բայց երևի մարդիկ փոխվել են, նկատում եմ, որ հիմա իրենք են ուզում, որ հարցեր տամ։	Y	նկատում	2184	    2,510	0.005	614.8235	arm_news_2015_00626978
12682	Ես անում եմ այն, ինչ միշտ արել եմ, միայն թե հիմա ինձ մոտ ամեն ինչ լավ է ստացվում»,-հայտարարել է դի Մարիան։	Y	դի	2185	    2,509	0.005	474.1579	arm_news_2013_00340362
12683	Այնպես որ, չեմ կարող ասել, թե ինչ կլինի վաղը»,- նշել է Դի Մարիան։	Y	դի	2185	    2,509	0.005	649.3846	arm_news_2017_00120635
12684	Հիմա ինձ մոտ ամեն ինչ լավ է ստացվում Դի Մարիա.	Y	դի	2185	    2,509	0.005	709.3	arm_news_2013_00616074
12685	Ինչ վերաբերում է դի Մարիային, նա ոտքի հետ ինչ-որ խնդիր ունի, բայց չեմ կարծում, թե դա լուրջ բան է։ Բայց ես բժիշկ չեմ,-ասել է վան Գալը։	Y	դի	2185	    2,509	0.005	793.2174	arm_news_2015_00473506
12686	Ժամը 10։30-ի սահմաններում ոստիկանության Երևան քաղաքի վարչության օպերատիվ կառավարման կենտրոն ահազանգ է ստացվել, որ Արմեն Տիգրանյան 3-րդ շենքի բակում կնոջ դի կա.	Y	դի	2185	    2,509	0.005	834.2727	arm_news_2017_00414839
12687	Հետո, ի՞նչ պետք է անի այդ քաղաքացին, երբ արդեն գումարը, այսպես ասած, «կորցրած» լինի»,-նշեց նա։	Y	կորցրած	2185	    2,509	0.005	508.1176	arm_news_2017_00602313
12688	4. Ուժը կորցրած ճանաչել Հայաստանի Հանրապետության կառավարության 2010 թվականի հունվարի 21-ի N 97-Ն որոշումը։	Y	կորցրած	2185	    2,509	0.005	561.6667	arm_news_2017_00030469
12689	Մեկ այլ որոշմամբ ուժը կորցրած է ճանաչվել ՀՀ կառավարության 2010թ.	Y	կորցրած	2185	    2,509	0.005	654.5	arm_news_2013_00681334
12690	«Հայաստանի Հանրապետության կառավարության 1992 թվականի նոյեմբերի 18-ի N 584 որոշումն ուժը կորցրած ճանաչելու և 2011 թվականի հուլիսի 14-ի N 1024-Ն որոշման մեջ փոփոխություն կատարելու մասին» N 1863-Ն որոշում ՀՀ կառավարության 25.08.2005թ.	Y	կորցրած	2185	    2,509	0.005	688.6364	arm_news_2015_00579376
12691	N 972-Ա որոշում Հայաստանի Հանրապետության կառավարության մի շարք որոշումներ ուժը կորցրած ճանաչելու մասին ՀՀ կառավարության 25.09.2014թ.	Y	կորցրած	2185	    2,509	0.005	707.6	arm_news_2017_00055282
12692	Բոլորիս մեջ հիմնական բանը դա է. «Ի՞նչ կարող ենք անել որ։	Y	բոլորիս	2186	    2,507	0.005	421.6667	arm_news_2015_00276377
12693	Բոլորիս ցանկանում եմ մեծ սեր, առանց սիրո որևէ բան չի կարող լինել.	Y	բոլորիս	2186	    2,507	0.005	478.75	arm_news_2015_00276391
12694	Բոլորիս էլ հայտնի է, թե Ռուսաստանի համար ինչ են նշանակում նավթի գները։	Y	բոլորիս	2186	    2,507	0.005	546.8333	arm_news_2015_00276344
12695	Թե ինչ տեղի ունեցավ այդ ամենի հետևանքով, բոլորիս է հայտնի.	Y	բոլորիս	2186	    2,507	0.005	593.5	arm_news_2015_00431972
12696	Առաջարկում եմ քննարկում այս թեմայով և ակնկալում եմ բոլորիս ակտիվ..	Y	բոլորիս	2186	    2,507	0.005	1006.4444	arm_news_2015_00204333
12697	Այսինքն, երկիրը քո երեխան է, և այն, ինչը որ դու քո երեխային փոխանցում ես, այն էլ ստանում ես։	Y	փոխանցում	2186	    2,507	0.005	475.2	arm_news_2015_00153844
12698	Այս մասին, ինչպես փոխանցում է BBC-ն, հայտնել է ԱՄՆ-ի պաշտպանության նախարարությունը։	Y	փոխանցում	2186	    2,507	0.005	559	arm_news_2017_00134862
12699	Ի՞նչ ենք ստեղծում և ի՞նչ փոխանցում մեր երեխաներին։	Y	փոխանցում	2186	    2,507	0.005	621.75	arm_news_2013_00449654
12700	Դա ինչ-որ «էներգիա» է, որը ես ընդամենը փոխանցում եմ։	Y	փոխանցում	2186	    2,507	0.005	654.3	arm_news_2015_00309893
12701	Նրանք այդ գումարները փոխանցում են բանկային համակարգի միջոցով կամ այլ ճանապարհով։	Y	փոխանցում	2186	    2,507	0.005	777.2727	arm_news_2015_00789407
12702	Այդ մասին ասել է Ռուսաստանի նախագահ Վլադիմիր Պուտինը Հայաստանի նախագահ Սերժ Սարգսյանի հետ հանդիպման ժամանակ, որը քիչ առաջ ավարտվեց Մոսկվայում։	Y	ավարտվեց	2187	    2,505	0.005	354.6316	arm_news_2015_00120134
12703	Բայց, ինչպես ամեն լավ բան, այս մի բանն էլ ավարտվեց։	Y	ավարտվեց	2187	    2,505	0.005	439.1	arm_news_2013_00233516
12704	«1920 թ. ո՞վ էր Հայաստանի անվտանգության երաշխավորը, և ինչո՞վ ավարտվեց դա»։	Y	ավարտվեց	2187	    2,505	0.005	687.0909	arm_news_2013_00009037
12705	Հետո այդ խոսքը, երբ ավարտվեց, շատ քիչ բան է մնում այդ խոսքից հետո։	Y	ավարտվեց	2187	    2,505	0.005	697.4545	arm_news_2013_00611138
12706	Հնարավոր է, որ դուք ուշանում եք, քանի որ իսկապես ձեզ համար կարեւոր գործ եք մինչ այդ անում, սակայն տեսնում եք, կյանքն ավարտվեց եւ դուք այդպես էլ ոչինչ չհասցրիք անել։	Y	ավարտվեց	2187	    2,505	0.005	712.2	arm_news_2017_00627877
12707	Ավելի ուշ հայտնի դարձավ, որ նիստը կկայանա ապրիլի 13–ին Մոսկվայում։	Y	կկայանա	2188	    2,503	0.005	632.6	arm_news_2017_00190211
12708	Ավելի վաղ հայտարարվել էր, որ նիստը կկայանա մյուս շաբաթ Մոսկվայում, սակայն այս մասին պաշտոնական տեղեկություն դեռ չկա։	Y	կկայանա	2188	    2,503	0.005	659.4706	arm_news_2017_00190695
12709	«Հույս ունեմ, որ Հայաստանի և Ադրբեջանի արտգործնախարարների հանդիպումը կկայանա այս շաբաթ»,-ասել է նա։	Y	կկայանա	2188	    2,503	0.005	679.9286	arm_news_2013_00641016
12710	Հունիսի 18-ին կկայանա նոր կառավարության արտահերթ նիստը Երկուշաբթի օրը՝ հունիսի 18-ին, կկայանա ՀՀ նոր կառավարության անդրանիկ նիստը, որը նաև արտահերթ է լինելու: Այս մասին տեղեկացնում է Tert.	Y	կկայանա	2188	    2,503	0.005	693.8421	arm_news_2013_00641685
12711	Մի խոսքով, հավատում եք, որ մի գեղեցիկ օր Մաքսային միությունը կկայանա։	Y	կկայանա	2188	    2,503	0.005	730.1	arm_news_2013_00708143
12712	Թե՞ կարծում ես, որ կան բաներ, որոնք դեռ ենթակա են փոփոխության։	Y	փոփոխության	2189	    2,497	0.005	450.5455	arm_news_2013_00420645
12713	Իսկ դա նշանակում է, որ փոփոխության ձգտում Սերժ Սարգսյանի մոտ իսկապես չկա։	Y	փոփոխության	2189	    2,497	0.005	479.5833	arm_news_2013_00473041
12714	ՀՀ-ում առկա խնդիրները առանց սահմանադրության փոփոխության էլ կարելի էր լուծել.	Y	փոփոխության	2189	    2,497	0.005	605	arm_news_2017_00621981
12715	Վ. Հովհաննիսյանը նաև ընդգծել է, որ Կառավարության ներկայացրած նոր ծրագրում պետական կառավարման համակարգի փոփոխության հարց չկա։	Y	փոփոխության	2189	    2,497	0.005	664	arm_news_2015_00940710
12716	Անիմաստ է խոսել Սահմանադրության փոփոխության մասին, քանի դեռ չի իրականացվում Սահմանադրության երկրորդ հոդվածը։	Y	փոփոխության	2189	    2,497	0.005	817.5833	arm_news_2015_00187126
12717	7,500 դր. 630 руб 18 $ 13 € 7,500 դր. 7,500 դր. 630 руб 18 $ 13 € Տրամադրել է Rate.am Նոր, Ամերիկյան, 6-18 ամսական երեխաների համար, կան նաև շատ այլ ապրանքներ մինչև 2 տարեկան աղջիկ երեխայի համար, Երևան, Կենտրոն.	Y	ամսական	2190	    2,496	0.005	635.8636	arm_news_2013_00036220
12718	4,000 դր. 336 руб 10 $ 7 € 4,000 դր. 4,000 դր. 336 руб 10 $ 7 € Տրամադրել է Rate.am Նոր, 6-18 ամսական երեխաների համար, կան նաև շատ այլ ապրանքներ մինչև 2 տարեկան աղջիկ երեխայի համար, Երևան, Կենտրոն.	Y	ամսական	2190	    2,496	0.005	637.1429	arm_news_2013_00028512
12719	Սակայն նրանք նաև պարզել են, որ 5 ամսական երեխաների ուղեղը ևս նման ազդակ է ստացել, որը մի քիչ ավելի թույլ է եղել։	Y	ամսական	2190	    2,496	0.005	671.65	arm_news_2015_00890546
12720	Ճիշտ է, միայն նրանց համար, ում տարեկան եկամուտները գերազանցում են €1 մլն-ը կամ ամսական €100 հազ-ը։	Y	ամսական	2190	    2,496	0.005	690	arm_news_2013_00657292
12721	Ընդհանուր առմամբ, այստեղ ամսական միջին աշխատավարձը կազմում է 75 հազար դրամ։ 2011թ.	Y	ամսական	2190	    2,496	0.005	691.7273	arm_news_2013_00400830
12722	Նա ընդգծել է նաեւ, որ Ռուսաստանի հետ ոչ մի խոսք չկա «նոր սառը պատերազմի» մասին։	Y	սառը	2191	    2,495	0.005	405.6	arm_news_2015_00743096
12723	Գաղտնիք չէ, որ մենք Ադրբեջանի հետ գտնվում ենք «սառը պատերազմի» մեջ։	Y	սառը	2191	    2,495	0.005	536.3636	arm_news_2015_00285042
12724	«Ես չեմ կարծում, որ մենք արդեն «սառը պատերազմի» մեջ ենք, այնպիսին, ինչպիսին էր մինչեւ 1989 թ.։	Y	սառը	2191	    2,495	0.005	541.2	arm_news_2015_00365190
12725	Ն.- Չեմ կարծում, թե սառը պատերազմը վերադառնում է, չնայած ինչ-որ հարցեր կան, բայց դրանց կողքին լավ բաներ էլ կան։	Y	սառը	2191	    2,495	0.005	564.7895	arm_news_2013_00775592
12726	Բայց մի՞թե սառը պատերազմը կարելի է դիտել որպես դրական հանգրվան ԱՄՆ-ի և ՌԴ-ի համար: Մեծ հաշվով, իհարկե ոչ։	Y	սառը	2191	    2,495	0.005	596.25	arm_news_2017_00224625
12727	Բայց դեռևս մենք նման բան չենք քննարկում, որովհետև Սերժ Սարգսյանը դեռևս մինչև 18 թվականը ՀՀ նախագահն է, և պատշաճ էլ չէ այդ ուղղությամբ խոսել։	Y	թվականը	2192	    2,494	0.005	450.0455	arm_news_2015_00248341
12728	Բայց դեռեւս մենք նման բան չենք քննարկում, որովհետեւ Սերժ Սարգսյանը դեռեւս մինչեւ 18 թվականը ՀՀ նախագահն է, եւ պատշաճ էլ չէ այդ ուղղությամբ խոսել։	Y	թվականը	2192	    2,494	0.005	532.4545	arm_news_2015_00248319
12729	Այս առումով նոր՝ 2015 թվականը, ավելի լարված և պատասխանատու է լինելու։	Y	թվականը	2192	    2,494	0.005	625.4	arm_news_2015_00148304
12730	Սակայն գալու էր 2008 թվականը և իրավիճակը կրկին նույնն էր լինելու։	Y	թվականը	2192	    2,494	0.005	749.3333	arm_news_2015_00885917
12731	«Չորրորդ իշխանություն» «Չորրորդ իշխանություն» թերթը գրում է. «Ավարտին է մոտենում 2014 թվականը։	Y	թվականը	2192	    2,494	0.005	1260.125	arm_news_2015_00847635
12732	Ա՜խ, իսկ ինչ անել, ինչ կարող եմ անել ես հիմա ։	Y	խ	2193	    2,493	0.005	313.3333	arm_news_2013_00089414
12733	Ա՛խ, ես չգիտեմ` ինչու եմ ապրում, ո՞րն է պատճառը, ու ո՞րն է հարցը.	Y	խ	2193	    2,493	0.005	524.3846	arm_news_2013_00089349
12734	Սեղանի վրա նա ասաց ինձ, - Ա՜խ, որքան լավ մարդիկ են այդ ձկնորսները, ես հիմա շատ եմ սիրում նրանց։	Y	խ	2193	    2,493	0.005	559.2632	arm_news_2013_00891739
12735	Մեկ էլ «խ»-ին, «պ»-ին ես քեզ հետ բերել.	Y	խ	2193	    2,493	0.005	570.7778	arm_news_2015_00687740
12736	Երբ Խ․-ն շրջան էր գալիս, միայն ինձ հետ էր փողոց դուրս գալիս։	Y	խ	2193	    2,493	0.005	634	arm_news_2013_00370665
12737	Այն պատգամավորները, ովքեր ցանկանում են այս կամ այն հարցի վերաբերյալ իրենց տեսակետները հայտնել, հայտնում են։	Y	պատգամավորները	2194	    2,492	0.005	417.8462	arm_news_2015_00140104
12738	Չկա նման բան, որ 15 տարվա պատգամավորները չպետք է լինեն ՀՀԿ ցուցակում.	Y	պատգամավորները	2194	    2,492	0.005	579	arm_news_2017_00827344
12739	Նա նշեց, որ չի կարելի ընդունել մի օրինագիծ, որի մասին անգամ ԱԺ պատգամավորները տեղյակ չեն.	Y	պատգամավորները	2194	    2,492	0.005	610.3333	arm_news_2015_00757035
12740	Դե թեկուզ հանուն նրա, որ այդ խմբակցության պատգամավորները շատ ակտիվ են եղել։	Y	պատգամավորները	2194	    2,492	0.005	621.8333	arm_news_2013_00301074
12741	Սա մի գործընթաց է, որը տեղի է ունենում Հայաստանից անկախ եւ Հայաստանից հեռու, դե իսկ հանրապետական պատգամավորները պետք է կողմ քվեարկեն, եթե անգամ դեմ են դրան։	Y	պատգամավորները	2194	    2,492	0.005	648.8696	arm_news_2017_00878066
12742	Իսկ ո՞վ է պատասխանատու երկրի սոցիալ-տնտեսական վիճակի համար, եթե ոչ իշխանությունները։	Y	սոցիալ	2195	    2,487	0.005	459.6154	arm_news_2015_00492287
12743	՝ 41 հազար 1993 թ. ՀՀ-ում ծնվել է 59 հազար 41 երեխա, և սա այն դեպքում, երբ երկիրը, մի կողմից՝ գտնվում էր պատերազմի, մյուս կողմից՝ էներգետիկ ճգնաժամի, սոցիալ-տնտեսական ծանր վիճակի մեջ.	Y	սոցիալ	2195	    2,487	0.005	467.8846	arm_news_2015_00038516
12744	Connection: close X-Powered-By: PHP/5.4.36 Ֆինանսական և սոցիալ-տնտեսական զարգացման վարչության պետ Ծնվել է` 1977թ.	Y	սոցիալ	2195	    2,487	0.005	531.1875	arm_news_2015_00062999
12745	Այս ամենը վկայում է այն մասին, թե ինչ սոցիալ-տնտեսական հարաբերություններ կարող են ընդունելի լինել հայկական հասարակության համար։	Y	սոցիալ	2195	    2,487	0.005	544.5	arm_news_2015_00145917
12746	Խնդիրն այստեղ ոչ թե այդ պետությունների քաղաքական կամ սոցիալ—տնտեսական նկարագիրն է, այլ պարզապես նրանք Լեռնային Ղարաբաղի հետ կապ ունեն այնքան, որքան Ադրբեջանը։	Y	սոցիալ	2195	    2,487	0.005	576.087	arm_news_2015_00519402
12747	Հիմա մենք ճիշտ ճանապարհի վրա ենք, թիմը լարված աշխատում է, և ամեն ինչ լավ կլինի։	Y	ճանապարհի	2196	    2,485	0.005	446.8667	arm_news_2015_00627846
12748	Քանի որ հինգ տարի անց ճանապարհի միայն 3,9 կմ էր պատրաստ, 1977թ.	Y	ճանապարհի	2196	    2,485	0.005	467.5455	arm_news_2015_00979928
12749	Մենք հպարտ ենք, որ դարձել են նրանց ճանապարհի մի մասը։	Y	ճանապարհի	2196	    2,485	0.005	555.2	arm_news_2017_00681920
12750	Ինչպես յուրաքանչյուր լրագրող,ես նույնպես ցանկանում եմ գրել իմ անցած ճանապարհի մասին,և գրել այն ճանապարհի մասին,որը դեռ չեմ անցել,սակայն պիտի անցնեմ.	Y	ճանապարհի	2196	    2,485	0.005	555.3333	arm_news_2017_00442346
12751	Մի ճանապարհի համար մենք տալիս ենք այն ամենը, ինչը որևէ սերնդի չի պատկանում։	Y	ճանապարհի	2196	    2,485	0.005	581.0769	arm_news_2015_00714754
12752	Վերջին մի քանի տարիների ընթացքում մենք արդեն նման հինգ դեպքի մասին լսել ենք»,-ասել են մասնագետները։	Y	մասնագետները	2196	    2,485	0.005	398.625	arm_news_2013_00929143
12753	Նախարարի խոսքերով, ո՛չ, եւ դա ասում են ոչ միայն մեր մասնագետները։	Y	մասնագետները	2196	    2,485	0.005	437.25	arm_news_2013_00744184
12754	«Եվ եթե դուք չեք ցանկանում ձեզ մոտ մարդուն պատմել՝ ինչ եք զգում և մտածում, միգուցե, նա այդքան էլ մոտ մարդ չէ ձեզ»,– նշում են մասնագետները։	Y	մասնագետները	2196	    2,485	0.005	490.0435	arm_news_2013_00356354
12755	Մենք 11–րդ տարին է, աշխատում ենք այս շուկայում, և հիմնականում լավ մասնագետները շատ են լքում Հայաստանը։	Y	մասնագետները	2196	    2,485	0.005	566.8125	arm_news_2013_00684530
12756	Վստահ եմ, և ոչ միայն ես, այլև այն մասնագետները, ովքեր այդ հաշվարկները կատարում են։	Y	մասնագետները	2196	    2,485	0.005	636.2857	arm_news_2017_00935281
12757	Եվ տվյալ դեպքում գործն այդ այնքան կարևոր է մեզ համար, մեր ընտանիքի համար, որ այս պահին պարզապես նման հարց գոյություն չունի։	Y	գործն	2197	    2,484	0.005	320.95	arm_news_2015_00378403
12758	Դա նրա անձնական գործն է, ցանկանում է նա այսօր դրանք կատարել, թե ոչ, դրանք միայն խորհրդի բնույթ են կրում։	Y	գործն	2197	    2,484	0.005	414.7647	arm_news_2013_00295413
12759	Երկու դեպքում էլ, անշուշտ, իր գործն է։ Մի բան չէ հասկանալի.	Y	գործն	2197	    2,484	0.005	510.2727	arm_news_2015_00396478
12760	Այն, որ Օբաման Հայաստանին չի շնորհավորում 1918–ի կապակցությամբ, իր գործն է ու մեծ հաշվով ճիշտ է անում։	Y	գործն	2197	    2,484	0.005	569.5	arm_news_2015_00137888
12761	Հաստատ նրա ձեռքի գործն է։ Բայց ինչպե՞ս է կարողացել։	Y	գործն	2197	    2,484	0.005	896.7778	arm_news_2013_00592876
12762	Ինչպես հայտնի է հայերը իրենց անվանում են հայ, իսկ երկիրը՝ Հայաստան։	Y	անվանում	2198	    2,483	0.005	397.8182	arm_news_2015_00469107
12763	Նա ժողովրդավարական երկրի նախագահ է (այդպես են անվանում նաեւ մեր երկիրը) եւ օրենքի առաջ պատասխան է տալիս այնպես, ինչպես ցանկացած քաղաքացի»,-ասել է վարչապետը։	Y	անվանում	2198	    2,483	0.005	424.7727	arm_news_2015_00743477
12764	Դա մենք անվանում ենք միջազգային հարաբերություններ՝ հաշվի առնելով, որ խոսքը այստեղ ոչ այնքան ազգի մասին է, այլ մի ինչ-որ ուրիշ բանի։	Y	անվանում	2198	    2,483	0.005	489.5714	arm_news_2017_00280561
12765	Անկեղծ ասած, ես չեմ սիրում, երբ մեզ այդպես են անվանում։	Y	անվանում	2198	    2,483	0.005	542.2	arm_news_2017_00157616
12766	Բայց, ամեն դեպքում, ինձ այդպես էին անվանում հատուկ ծառայությունների աշխատակիցները։	Y	անվանում	2198	    2,483	0.005	595.7	arm_news_2013_00229212
12767	Եթե ինչ-որ մեկը կարող է մեզ 4 գոլ խփել, ապա մենք կարող ենք 6-ը խփել.	Y	գոլ	2198	    2,483	0.005	415.9231	arm_news_2017_00311612
12768	Փոքրիկ տղան ցույց է տալիս, թե ինչպես է պետք գոլ..	Y	գոլ	2198	    2,483	0.005	562.2222	arm_news_2015_00973470
12769	Մատյուիդի 07 Մարտի 2017 21:54 Եթե ինչ-որ մեկը կարող է մեզ 4 գոլ խփել, ապա մենք կարող ենք 6-ը խփել.	Y	գոլ	2198	    2,483	0.005	673.6667	arm_news_2017_00662782
12770	Բայց ինձ համար շատ կարևոր է, որ այսօր գոլ չընդունեցինք։	Y	գոլ	2198	    2,483	0.005	707.8	arm_news_2017_00222544
12771	Կարծում եմ, դուք արդեն գիտեք պատասխանը: Իհարկե սա հարված է, հաշվի առնելով նաև այն փաստը, թե ինչպես էինք մենք խաղում առաջին կեսում: Բայց ակնհայտ է, եթե մենք գոլ չենք խփում, ապա կարող ենք բաց թողնել:..	Y	գոլ	2198	    2,483	0.005	739.4848	arm_news_2015_00546643
12772	«7օր»-ի այն հարցին, թե մոտ մեկ տարի ընթացող հայ-թուրքական հարաբերությունների հաստատման գործընթացը որևէ կերպ անդրադարձե՞լ է Թուրքիայի հայ համայնքի խնդիրների լուծման վրա, նա պատասխանել է, թե քանի որ գործընթացը դեռ շարունակվում է, որևէ էական բան չի եղել։	Y	ընթացող	2199	    2,480	0.005	600.0588	arm_news_2013_00037418
12773	Դրանք կապված են առաջին հերթին Ուկրաինայի շուրջ ընթացող զարգացումների հետ։	Y	ընթացող	2199	    2,480	0.005	701.6	arm_news_2013_00321004
12774	Ըստ նրա, Երեւանի եւ Անկարայի միջեւ ընթացող երկխոսությունը կարող է դրական ազդեցություն ունենալ տարածաշրջանում անվտանգության առումով, այդ թվում՝ Լեռնային Ղարաբաղի հակամարտության կարգավորման հարցում։	Y	ընթացող	2199	    2,480	0.005	813.8696	arm_news_2015_00425996
12775	Նոյեմբերի 28-ից դեկտեմբերի 1-ը Երևանում ընթացող Հայաստանի Հանրապետության Ազգային ժողովի և ՌԴ Դաշնային խորհրդի միջև ստեղծվա..	Y	ընթացող	2199	    2,480	0.005	817.625	arm_news_2015_00775893
12776	Խոսքն այս պարագայում Սիրիայում ընթացող «քաղաքացիական պատերազմի» մասին է, որը դարձել է միջազգային և տեղի ԶԼՄ-ների գլխավոր թեմաներից մեկը։	Y	ընթացող	2199	    2,480	0.005	828.3684	arm_news_2013_00512220
12777	Ի՞նչ է լինում մեզ հետ, երբ մենք բաց ենք անում մեր աչքերը, որ տեսնենք աշխարհը, կյանքը։	Y	աչքերը	2200	    2,479	0.005	452.7059	arm_news_2013_00450475
12778	Չէ՞ որ ես էլ իմ երրորդ աչքով ամեն ինչ տեսնում եմ, իսկ ահա նրանք իմ աչքերը չեն տեսնում։	Y	աչքերը	2200	    2,479	0.005	475.75	arm_news_2015_00841556
12779	Աստղագուշակ` հունվարի 23-ի համար Աստղագուշակ` հունվարի 22-ի համար Աստղագուշակ` հունվարի 21-ի համար Աստղագուշակ` հունվարի 20-ի համար Աստղագուշակ` հունվարի 19-ի համար Ինչպես կարելի է ընդգծել աչքերը.	Y	աչքերը	2200	    2,479	0.005	545.8889	arm_news_2015_00215496
12780	Շատ նման ա : Բայց իր աչքերը կապույտ են : Գրառմանը 2 հոգի շնորհակալություն են հայտնել.	Y	աչքերը	2200	    2,479	0.005	653.25	arm_news_2015_00798920
12781	Եվ մի օր Աստծո Որդին, որը դարձել էր Մարդու Որդի, բացում է նրա աչքերը նույնպես շաբաթ օրը։	Y	աչքերը	2200	    2,479	0.005	655.3529	arm_news_2013_00359522
12782	«Մենք համարում ենք, որ միշտ էլ կան երկխոսության համար թեմաներ, որոնք ունեն կարևոր նշանակություն երկրի համար։	Y	թեմաներ	2200	    2,479	0.005	454.4667	arm_news_2017_00681267
12783	Թեմաներ: Ինչպե՞ս ստեղծել ծրագրեր Եթե այս հարցի պատասխանը դեռ հետաքրքիր է,..	Y	թեմաներ	2200	    2,479	0.005	598.25	arm_news_2015_00432926
12784	Սակայն այժմ խնդիրն այն է, որ երկրները չունեն համատեղ աշխատելու համար նոր թեմաներ։	Y	թեմաներ	2200	    2,479	0.005	706.4615	arm_news_2015_00884580
12785	Այնուամենայնիվ, Դավիթ Հարությունյանի փոխանցմամբ, երկրի համար կան շատ կարեւոր թեմաներ, որոնք իրենք պատրաստ են քննարկել։	Y	թեմաներ	2200	    2,479	0.005	717.8667	arm_news_2013_00126954
12786	Թեմաներ: Քննարկում ծնողների համար Լավ է, շատ լավ է, որ նման ծրագիր է իրականացվում:..	Y	թեմաներ	2200	    2,479	0.005	719.9091	arm_news_2015_00433177
12787	Մուտքը` միայն լրագրողների համար: Նորություններ » «Այսօր, այս վայրում ամեն ինչ ճիշտ է..	Y	վայրում	2201	    2,476	0.005	472.8333	arm_news_2013_00729238
12788	Այսինքն ամեն վայրում տեղի ունեցող մի բան ազդում է մեկ այլ վայրում տեղի ունեցող մեկ այլ բանի վրա։	Y	վայրում	2201	    2,476	0.005	519.9231	arm_news_2017_00129105
12789	Պատմությունն այն չէ, ինչ տեղի է ունեցել ինչ-որ հեռու մի վայրում, այլ այն է, ինչը եղել է մեր կողքին։	Y	վայրում	2201	    2,476	0.005	534.0625	arm_news_2013_00847564
12790	Ընդհանուր առմամբ ամեն ինչ լավ է, սակայն ամեն անգամ այս վայրում որոշակի դիսկոմֆորտ եմ զգում: Ինչպես բոլորը, այնպես էլ ես..	Y	վայրում	2201	    2,476	0.005	559.5789	arm_news_2017_00386852
12791	Ազատ եմ զգում, աշխատում ցանկացած վայրում ազատ՝ ինչպես իմ տանը։	Y	վայրում	2201	    2,476	0.005	560.2222	arm_news_2013_00083059
12792	Ավելի տխուր է այն, որ մենք արդեն մեկ ամիս հաղթանակ չենք տարել։	Y	տարել	2201	    2,476	0.005	556.75	arm_news_2013_00204592
12793	Եվ այնուամենայնիվ ստանում է։ Նշանակում է, համապատասխան աշխատանքներ են տարել։	Y	տարել	2201	    2,476	0.005	678	arm_news_2015_00368659
12794	Նա քիչ առաջ ավարտել է նաև 5-րդ տուրի իր պայքարը և հաղթանակ տարել։	Y	տարել	2201	    2,476	0.005	682.1538	arm_news_2017_00747123
12795	Մինչ այդ թիմը մեկ ոչ-ոքի և չորս հաղթանակ էր տարել։	Y	տարել	2201	    2,476	0.005	750	arm_news_2015_00716585
12796	Արարատի մարզի Արարատ քաղաքում նոյեմբերի 10-ին կայացած քաղաքապետի արտահերթ ընտրություններում հաղթանակ է տարել..	Y	տարել	2201	    2,476	0.005	1072.1538	arm_news_2013_00209594
12797	Այս մասին մայիսի 11-ին խորհրդարանում ասել է Ջրային տնտեսության պետական կոմիտեի պետ Արամ Հարությունյանը։	Y	ջրային	2202	    2,475	0.005	675.9286	arm_news_2017_00135876
12798	Ըստ էության, ես կարծում եմ, որ սա այն վարկային ծրագրերից մեկն է, որը ոչ միայն Երեւանի համար շատ կարեւոր նշանակություն ունի, այլ ընդհանրապես ջրային ռեսուրսների արդյունավետ օգտագործման համար հանրապետության, շատ էական նշանակություն ունի։	Y	ջրային	2202	    2,475	0.005	678.2414	arm_news_2015_00424039
12799	Connection: close X-Powered-By: PHP/5.3.3 Ջրային տնտեսության պետական կոմիտեի նախագահը հրաժարական է ներկայացրել «Հրապարակ»-ում կարդում ենք.	Y	ջրային	2202	    2,475	0.005	699.8333	arm_news_2015_00062005
12800	Մենք այստեղ լուրջ խնդիրներ ունենք և մենք էլ պետք է կարողանանք Հայաստանի տարածքի ջրային ռեսուրսը օգտագործել ՀՀ-ի համար»,-ասաց նա և ապա անցավ երրորդ խնդրին։	Y	ջրային	2202	    2,475	0.005	807.625	arm_news_2013_00685036
12801	՝ Կոտայքի մարզպետ 2015 թ. ապրիլի 2-ից՝ Ջրային տնտեսության պետական կոմիտեի նախագահ 1985-1987 թթ.	Y	ջրային	2202	    2,475	0.005	834.2727	arm_news_2017_00533295
12802	Ցանկացած հարց կարող է մեր միջև քննարկման թեմա լինել,-ասել է Ա. Մարտիրոսյանը։	Y	մարտիրոսյանը	2203	    2,474	0.005	576.0833	arm_news_2013_00959506
12803	Ընթանում է Հայաստանի պուտինիզացիա Արմեն Մարտիրոսյանը՝ ԲՀԿ-ին, ՀԱԿ-ին և ՀՅԴ-ին.	Y	մարտիրոսյանը	2203	    2,474	0.005	579.6364	arm_news_2013_00404821
12804	Ընթանում է Հայաստանի պուտինիզացիա Արմեն Մարտիրոսյանը՝ Սերժ Սարգսյանի հայտարարության մասին.	Y	մարտիրոսյանը	2203	    2,474	0.005	592.5	arm_news_2013_00404822
12805	Ժառանգության ներկայացուցիչ Արմեն Մարտիրոսյանը քիչ էր մնում մի հատ էլ ժողովրդի վ..	Y	մարտիրոսյանը	2203	    2,474	0.005	674	arm_news_2015_00444259
12806	Այս մասին երեկ հայտարարեց «Ժառանգություն» խորհրդարանական խմբակցության ղեկավար Արմեն Մարտիրոսյանը։	Y	մարտիրոսյանը	2203	    2,474	0.005	818.1	arm_news_2013_00144391
12807	Նշենք, որ “ՉԻ”–ն այդ առիթով դեռևս սեպտեմբերի 30-ին գրավոր հարց էր ներկայացրել Մշակույթի նախարարություն և այդպես էլ պատասխան չէր ստացել։	Y	նախարարություն	2203	    2,474	0.005	498.5238	arm_news_2013_00766785
12808	Տրանսպորտի նախարարություն Այս մասին հայտնում են ՀՀ տրանսպորտի և կապի նախարարության լրատվական ծառայությունից։	Y	նախարարություն	2203	    2,474	0.005	549.4167	arm_news_2015_00960377
12809	Հայաստանի Հանրապետության արտաքին գործերի նախարարություն Արտաքին Գործերի Նախարարի Տեղակալ Ծնվել է 1948թ., ապրիլի 3-ին ք. Երեւանում: 1971թ.	Y	նախարարություն	2203	    2,474	0.005	564.6429	arm_news_2013_00568580
12810	Բայց, ինչպես տեսնում ենք, նոր նախարարություն չկա, իսկ դա արդեն լավ է, և Հրանուշ Հակոբյանն էլ մնացել է իր տեղում։	Y	նախարարություն	2203	    2,474	0.005	604.5789	arm_news_2015_00250648
12811	Տրանսպորտի նախարարություն ՀՀ տրանսպորտի և կապի նախարարությունը տեղեկացնում է՝ 2013թ.	Y	նախարարություն	2203	    2,474	0.005	642.7778	arm_news_2013_00957349
12812	Նրանք մի քանի անգամ փորձել են, վերջին պահին հետ են կանգնել։	Y	կանգնել	2204	    2,473	0.005	386.9	arm_news_2013_00784151
12813	Հետևաբար, անհրաժեշտ է միասնական լինել և կանգնել այն մարդկանց կողքին, այդ թվում՝ Գագիկ Ծառուկյանի, որոնք ցանկանում են մի բան փոխել այս երկրում.	Y	կանգնել	2204	    2,473	0.005	445.1818	arm_news_2015_00619105
12814	Ես անձամբ՝ որպես ՀՀ նախագահ, 2 անգամ փորձել եմ կանգնել այդ ճանապարհին։	Y	կանգնել	2204	    2,473	0.005	562.8182	arm_news_2017_00324234
12815	Պետք էր մի քայլ հետ կանգնել՝ ապագայում երկու քայլ անելու համար։	Y	կանգնել	2204	    2,473	0.005	595.4	arm_news_2015_00865229
12816	Այսօր այդ ճանապարհին կարող է կանգնել երկու քաղաքական գործիչ, որոնցից կախված է երկրի ապագան։	Y	կանգնել	2204	    2,473	0.005	784.5385	arm_news_2013_00160363
12817	Մեր խնդիրն այսօր Ղարաբաղի խնդիրն է, որն առաջնային է, և մենք աշխատում ենք այդ խնդիրը եթե ոչ 100%-ով, ապա գոնե մասնակի լուծել։	Y	մասնակի	2204	    2,473	0.005	490.3	arm_news_2013_00696189
12818	Ինչի՞ համար է նախատեսված տեխնոպարկը հարցին հարցվածների 61,5%-ը մասնակի կամ էլ ոչ ճիշտ պատասխան է տվել, 23,1%-ը ճիշտ է պատասխանել, իսկ 15,4%-ն ընդհանրապես տեղեկություն չի ունեցել դրա մասին։	Y	մասնակի	2204	    2,473	0.005	685.375	arm_news_2015_00460972
12819	2 Եթե ինչ-որ մեկին հարց եք տալիս ու նրանք միայն մասնակի են պատասխանում, պարզապես սպասեք։	Y	մասնակի	2204	    2,473	0.005	695.2667	arm_news_2015_00023212
12820	Մասնակի հասկացել եմ իրենից ինչ է ներկայացնում, բայց կան հարցեր ով է տեղյակ?	Y	մասնակի	2204	    2,473	0.005	799	arm_news_2017_00660859
12821	«Մենք պատրաստ ենք ընդունել նրանց կառավարության կազմում, սակայն նրանք պետք է գիտակցեն, որ այդ դեպքում պետք է կրեն ամբողջական կամ մասնակի պատասխանատվություն»,–ասել է ՀՀԿ խոսնակը։	Y	մասնակի	2204	    2,473	0.005	828.8696	arm_news_2013_00691594
12822	Լևոն Արոնյանը դեռևս երեկ ապահովել է իր տեղը երկրորդ փուլում։	Y	արոնյանը	2205	    2,472	0.005	675.8	arm_news_2013_00499858
12823	Ընթանում է Հայաստանի պուտինիզացիա Լևոն Արոնյանը շատ կարևոր հաղթանակ է տանում.	Y	արոնյանը	2205	    2,472	0.005	756.4	arm_news_2013_00406029
12824	Ժամանակ Հաջորդ գրառումը Արոնյանը պահպանեց իր տեղը Ո՞վ է լինելու Արցախի հաջորդ նախագահը.	Y	արոնյանը	2205	    2,472	0.005	790	arm_news_2015_00443359
12825	Կարեւոր հաղթանակ էր Եթե տեսնում ես լավ քայլ, ապա անպայման պետք է կատարել այն, ասել է ՖԻԴԵ-ի երկրորդ համար Լեւոն Արոնյանը, ով խոսել Անակնկալներ խոստանում եմ, բայց չեմ բացահայտի դրանք.	Y	արոնյանը	2205	    2,472	0.005	826	arm_news_2015_00545347
12826	Հայ շախմատիստների արդյունքները Ինչպես արդեն հայտնել ենք, Լեւոն Արոնյանը այսօր դուրս է եկել Բաքվում տեղի ունեցող շախմատի աշխարհի գավաթի երկրորդ փուլ:..	Y	արոնյանը	2205	    2,472	0.005	873.619	arm_news_2017_00570255
12827	Սեփականության հետ կապված, ցավոք, պարզապես պետք չի, որ միայն այդ հարցի վերաբերյալ են մեզ դիմում սեփականության իրավունքի։	Y	սեփականության	2206	    2,468	0.005	456.25	arm_news_2013_00897654
12828	Բայց գիտենք, որ իր սեփականության համար է նման որոշում ընդունել։	Y	սեփականության	2206	    2,468	0.005	532.7	arm_news_2015_00247547
12829	Նա մեզ սիրով ընդունել է, և մենք բոլորս այսօր ունենք սեփականության իրավունք։	Y	սեփականության	2206	    2,468	0.005	604.8333	arm_news_2015_00754188
12830	Դրա համար էլ հիմնականում, երբ խոսում ենք սեփականության իրավունքի մասին, հիմնականում այդ երկու տեսակների մասին ենք խոսում։	Y	սեփականության	2206	    2,468	0.005	614.9231	arm_news_2013_00317167
12831	ՍԴ–ն սեփականության իրավունքի վերաբերյալ տասնյակ որոշումներ է ընդունել, մենք այս ամենը շարադրել ենք մեր որոշման մեջ։	Y	սեփականության	2206	    2,468	0.005	734.3529	arm_news_2015_00901088
12832	Այս մասին գրում է «Ես չեմ կարող ինչ-որ կերպ մեկնաբանել այս տեղեկատվությունը, այն ոչ մի կերպ չի համապատասխանում իրականությանը։	Y	տեղեկատվությունը	2206	    2,468	0.005	477.8889	arm_news_2017_00134584
12833	Ավելի ուշ Ուկրաինայի Ազգային անվտանգության և պաշտպանության խորհուրդը հաստատել էր այս տեղեկատվությունը։	Y	տեղեկատվությունը	2206	    2,468	0.005	576.5	arm_news_2015_00222698
12834	Այս տեղեկատվությունը իրականում հստակ ցույց է տալիս այն հարաբերությունները, որ ունեն մեր երկրի իշխանությունները կրիմինալ աշխարհի հետ.	Y	տեղեկատվությունը	2206	    2,468	0.005	580.8824	arm_news_2017_00143844
12835	Բոլոր դեպքերում, եթե լրագրողը ցանկանում է, ապա նա կարող է գտնել տեղեկատվությունը եւ այն հրապարակել։	Y	տեղեկատվությունը	2206	    2,468	0.005	610	arm_news_2015_00275160
12836	«Ով կամ ինչի համար է արել` չեմ էլ կարող պատկերացնել»: Նշենք, որ ԱԻՆ-ը դեպքի հետ կապված տարածել է հետևյալ տեղեկատվությունը.	Y	տեղեկատվությունը	2206	    2,468	0.005	611.95	arm_news_2013_00805944
12837	Հայաստանի որ բանկը որքան կապիտալ ունի «168 ժամ»-ը գրում է․ «ՀՀ ԿԲ 2014թ.	Y	կապիտալ	2207	    2,467	0.0049	515.2308	arm_news_2015_00580903
12838	Իսկ Հայաստանում քանի՞ բանկ կա, որ ունի 30 մլրդ դրամի կամ մոտ 60 մլն դոլարի ընդհանուր կապիտալ։	Y	կապիտալ	2207	    2,467	0.0049	559.4667	arm_news_2015_00489474
12839	Ըստ երևույթին, «մեզ»-ը վերաբերում է մարդկանց մի փոքրիկ խմբի, ովքեր ՀՀ-ում մեծ կապիտալ և իշխանություն ունեն..	Y	կապիտալ	2207	    2,467	0.0049	573.7222	arm_news_2013_00412951
12840	Connection: close X-Powered-By: PHP/5.4.31 Հայաստանի որ բանկը որքան կապիտալ ունի.	Y	կապիտալ	2207	    2,467	0.0049	650.25	arm_news_2015_00062367
12841	Ինչպես վերջին բոլոր տարիներին, 2016-ին եւս, լուրջ աշխատանքներ են կատարվել կապիտալ շինարարության ոլորտում։	Y	կապիտալ	2207	    2,467	0.0049	701.7692	arm_news_2017_00443755
12842	«Ինձ թվում էր, թե այս թեմայի շուրջ ամեն ինչ ասել էի։	Y	թեմայի	2208	    2,466	0.0049	284.9091	arm_news_2013_00447191
12843	Բայց էս թեմայի հետ կապված մի բան եմ ուզում ասել։	Y	թեմայի	2208	    2,466	0.0049	324.6	arm_news_2013_00232911
12844	Լուրջ, ուզում եմ հասկանալ: Թեմայի հետ կապված հարց: Որն է այս թեմայի նպատակը?	Y	թեմայի	2208	    2,466	0.0049	501	arm_news_2013_00503317
12845	Այսօր աշխարհի տարբեր երկրներում թեմայի շրջանակներում տեղի կունենա մի շարք միջոցառումներ։	Y	թեմայի	2208	    2,466	0.0049	597.0909	arm_news_2015_00178012
12846	Պատրաստվում եմ, մտածում տրված թեմայի շուրջ, քննարկում աշխատանքային խմբի հետ։	Y	թեմայի	2208	    2,466	0.0049	702.2	arm_news_2017_00839318
12847	Երեկ մայրաքաղաքի բնակիչների եւ ընդհանրապես մեր ժողովրդի համար ծանր օր էր.	Y	մայրաքաղաքի	2209	    2,465	0.0049	564.2727	arm_news_2013_00374992
12848	Կարելի՞ է ասել, որ Ձեր կյանքը սերտորեն կապված է Ռուսաստանի մայրաքաղաքի հետ։	Y	մայրաքաղաքի	2209	    2,465	0.0049	647.4545	arm_news_2017_00513616
12849	Հաճախ մայրաքաղաքի ղեկավարը դառնում է նախագահ, որովհետև նա ավելի մեծ PR-ի հնարավորություն ունի, ավելի ճանաչված է և՛ երկրում, և՛ մայրաքաղաքում։	Y	մայրաքաղաքի	2209	    2,465	0.0049	753.8889	arm_news_2013_00557297
12850	Ես ծնվել եմ 2001 թվականին Երևանում, և մինչ այժմ էլ ապրում եմ մեր մայրաքաղաքի Աջափնյակ համայնքում։	Y	մայրաքաղաքի	2209	    2,465	0.0049	765.7857	arm_news_2017_00327911
12851	Մեր ընկերությունը առաջարկում է արտաքին գովազդի ծառայություններ ոչ միայն Երևանում, այլ նաև մայրաքաղաքի սահմաններից դուրս։	Y	մայրաքաղաքի	2209	    2,465	0.0049	848.8667	arm_news_2013_00695534
12852	« Արդյո՞ք պետք է լինի աշխատանքային պայմանագիր տնօրենի հետ 2014թ.	Y	տնօրենի	2210	    2,463	0.0049	542.1	arm_news_2013_00214120
12853	Իհարկե, մինչ այդ չէի պատկերացնում, թե ինչ բարդ է այդ ամեն ինչը, բայց մենք արդեն աշխատում ենք թիմով՝ թե տնօրենի եւ թե գեղարվեստական ղեկավարի հետ։	Y	տնօրենի	2210	    2,463	0.0049	698.4545	arm_news_2017_00422990
12854	Connection: close X-Powered-By: PHP/5.3.28 ﻿﻿﻿ տնօրենի ` ուսումնական աշխատանքի գծով տեղակալ Ծնվել է 1947թ.	Y	տնօրենի	2210	    2,463	0.0049	724.7857	arm_news_2013_00046981
12855	Քանի՞ տարի է՝ ինչ այս համակարգում եք, և ինչպե՞ս Ձեզ վստահվեց ընկերության տնօրենի պաշտոնը։	Y	տնօրենի	2210	    2,463	0.0049	734.8	arm_news_2015_00980442
12856	Սակայն մեր աղբյուրները հայտնում են, որ շուտով տեղի է ունենալու բժշկական կենտրոնի տնօրենի փոփոխություն։	Y	տնօրենի	2210	    2,463	0.0049	749.5714	arm_news_2013_00880597
12857	Դա կարելի է անել ցանկացած միջոցով, ինչի մասին լավ գիտի հակառակորդը»։	Y	հակառակորդը	2211	    2,462	0.0049	498.6364	arm_news_2015_00310441
12858	Քանի որ հենց այդ ժամանակ ես հասկանում` պատրաստ է արդյոք քո հակառակորդը պարտվել այս խաղում, թե ոչ, ուզում է նա ոչ ոքի անել։	Y	հակառակորդը	2211	    2,462	0.0049	499.7619	arm_news_2015_00979910
12859	«Կարծում եմ` ոչ ոք չի կասկածում, որ հակառակորդը արժանի պատասխան է ստանալու»,- հայտարարել է Սերժ Սարգսյանը: Այս մասին eMedia.	Y	հակառակորդը	2211	    2,462	0.0049	662.7222	arm_news_2013_00535048
12860	Չի բացառվում, որ այդ լրագրողներին օգտագործում են այս կամ այն պետության հատուկ ծառայությունները, հակառակորդը։	Y	հակառակորդը	2211	    2,462	0.0049	678.5	arm_news_2015_00842727
12861	Ի պատասխան հակառակորդը կարող է ասել ՝ <> կամ ինքն էլ իր հերթին գցել խաղաքարտ և հայտարարել այն (օրինակ ՝ 1 հատ 7)։	Y	հակառակորդը	2211	    2,462	0.0049	706.8889	arm_news_2017_00450538
12862	«Հայաստանի Հանրապետության կառավարության 2003 թվականի հունիսի 13-ի N 882-Ն որոշման մեջ փոփոխություններ կատարելու մասին» - e-draft.	Y	e	2212	    2,461	0.0049	707.4667	arm_news_2017_00555895
12863	«Հայաստանի Հանրապետության կառավարության 2001 թվականի փետրվարի 22-ի N 125 որոշման մեջ փոփոխություններ կատարելու մասին» - e-draft.	Y	e	2212	    2,461	0.0049	762.7857	arm_news_2017_00555894
12864	«Հայաստանի Հանրապետության կառավարության 2006 թվականի օգոստոսի 3-ի թիվ 1543-Ն որոշման մեջ լրացում կատարելու մասին» ՀՀ կառավարության որոշում - e-draft.	Y	e	2212	    2,461	0.0049	835.3529	arm_news_2017_00555900
12865	Դուք այստեղ եք՝ Գլխավոր Սկիզբ Հայաստանի մասին Բժշկական կենտրոններ ՀՀ, Երևան, Վազգեն Սարգսյան փող., 10 շենք, 1-ին հարկ, №112 E-Mail: Այս էլ.	Y	e	2212	    2,461	0.0049	837.4286	arm_news_2013_00313970
12866	«Հայաստանի Հանրապետության կառավարության 2000 թվականի ապրիլի 11-ի n 161 որոշման մեջ փոփոխություն կատարելու մասին» ՀՀ կառավարության որոշման նախագիծ - e-draft.	Y	e	2212	    2,461	0.0049	842.875	arm_news_2017_00555893
12867	Սերժ Սարգսյանն այդ մասին որևէ մեկի հետ չի խոսում, որևէ մեկը տեղյակ չէ, թե նա ինչ է որոշել: 2012-2015 Բոլոր իրավունքները պաշտպանված են: online-tv.	Y	tv	2213	    2,460	0.0049	489.5217	arm_news_2015_00904803
12868	«Այս պահին միայն մի բան կարող եմ ասել` ես երջանիկ եմ»: 2012-2015 Բոլոր իրավունքները պաշտպանված են: online-tv.	Y	tv	2213	    2,460	0.0049	551.375	arm_news_2015_00166653
12869	«Իմ անձնական կյանքում միշտ նորություններ կան, ինչպես միշտ, ամեն բան հրաշալի է»: 2012-2015 Բոլոր իրավունքները պաշտպանված են: online-tv.	Y	tv	2213	    2,460	0.0049	630.4118	arm_news_2015_00452564
12870	«Եթե ես ԲՀԿ անդամ եմ, ես ո՞նց կարող եմ ՀՀԿ-ի համար աշխատել, մարզպետի հետ իմ հարաբերությունները շատ լավ են: Մեր մեջ տարաձայնություն չի կարող լինել»: 2012-2015 Բոլոր իրավունքները պաշտպանված են: online-tv.	Y	tv	2213	    2,460	0.0049	633.6207	arm_news_2015_00343528
12871	Այսինքն, ո՛չ անձի հետ կապված, ո՛չ կոնկրետ քրեական գործի հետ կապված ես որևէ բան նպատակահարմար չեմ համարում այս պահին խոսել»: 2012-2015 Բոլոր իրավունքները պաշտպանված են: online-tv.	Y	tv	2213	    2,460	0.0049	645.2083	arm_news_2015_00155363
12872	Ես այլեւս պատրաստ չեմ տանել այն ամենը, ինչ ուղարկում է ինձ կյանքը։	Y	ուղարկում	2214	    2,458	0.0049	640.5833	arm_news_2017_00323822
12873	Եվ մեզ էլ Նա ուղարկում է այնպես, ինչպես ինքն էր ուղարկվել Հոր կողմից.	Y	ուղարկում	2214	    2,458	0.0049	646.8462	arm_news_2013_00359146
12874	Այսօր Ես ուղարկում եմ շատ հրավիրատոմսեր, որոնցից մեկն էլ նախատեսված է հենց քեզ համար։	Y	ուղարկում	2214	    2,458	0.0049	657.9286	arm_news_2013_00161465
12875	Եթե այլ երկրներից քեզ գտնում են, գումար ուղարկում, որ դու մի բան նկարես, ապա հաստատ մեր երկրում էլ են տեսնում, ուղղակի իրենք չեն ցանկանում օգնել, եւ դա իրենց գործն է։ -Ո՞րն է Ձեր նպատակը, ինչի՞ եք ձգտում։	Y	ուղարկում	2214	    2,458	0.0049	663.8333	arm_news_2017_00308726
12876	Ընդամենը փորձում է ցույց տալ, որ գոյություն ունի, և դրանով նա որևէ «մեսիջ» չի ուղարկում։	Y	ուղարկում	2214	    2,458	0.0049	672.4667	arm_news_2013_00399813
12877	Ու մի բան էլ…համոզված եղեք, որ ում ուղղված են ձեր խոսքերը, շատ ավելի մեծ ու կրկնակի ցավ է ապրում…….	Y	եղեք	2215	    2,457	0.0049	609.4211	arm_news_2017_00813336
12878	Իսկ, եթե ձեր սիրտն ազատ է, ապա պատրաստ եղեք, քանի որ այսօր կարող եք ամուր հարաբերություններ կազմել։	Y	եղեք	2215	    2,457	0.0049	669.8824	arm_news_2017_00455079
12879	«Բարի եղեք, խնդրում եմ, ևս մեկ անգամ վերընթերցել այն, ինչ խոստացել եք 2007թ., ինչ խոստացել է հանրապետության նախագահը 2008թ.	Y	եղեք	2215	    2,457	0.0049	698.0625	arm_news_2015_00261387
12880	Ձեր աչքերը շատ բան կարող են ասել ձեր մասին Ուշադիր եղեք.	Y	եղեք	2215	    2,457	0.0049	698.6	arm_news_2013_00651717
12881	Մի եղեք այդքան դաժան այս հասարակության նկատմամբ Կայքում տեղ գտած մտքերն ու տեսակետները հեղինակի սեփականությունն են և կարող են չհամընկնել BlogNews.	Y	եղեք	2215	    2,457	0.0049	701.35	arm_news_2013_00706163
12882	Ու՞ր ես Երևան և ո՞վ է քո տերը..	Y	տերը	2216	    2,456	0.0049	313.6	arm_news_2013_00828132
12883	Այս դեպքում եւս ի՞նչ տարբերություն, թե ով է տերը։	Y	տերը	2216	    2,456	0.0049	471.8	arm_news_2015_00150253
12884	Կարճ ասած՝ Պուտինը ցանկանում է ցույց տալ, որ նա է ամեն ինչի տերը։	Y	տերը	2216	    2,456	0.0049	531.5833	arm_news_2017_00519643
12885	Եթե Տերը ձեզ հետ է, դուք կարող եք հասնել հաջողության.	Y	տերը	2216	    2,456	0.0049	539.8	arm_news_2017_00317034
12886	Նոր տերը այն՝ ամբողջ անշարժ գույքի հետ գնում է գրեթե անվճար։	Y	տերը	2216	    2,456	0.0049	676.1818	arm_news_2017_00764582
12887	Ավելի վաղ ՌԴ նախագահ Վլադիմիր Պուտինը հայտարարել էր, որ Եվրասիական տնտեսական միությունը բաց է այլ երկրների համար։	Y	միությունը	2217	    2,455	0.0049	424.2941	arm_news_2015_00223275
12888	Մենք անընդհատ մտածում ենք՝ ի՞նչ է մեզ տալու այս միությունը։	Y	միությունը	2217	    2,455	0.0049	478.8182	arm_news_2015_00690620
12889	Հայաստանի վարչապետը խոսում է ՌԴ հետ հարաբերությունների մասին «Մաքսային միությունը մեզ համար անիմաստ է».	Y	միությունը	2217	    2,455	0.0049	548.2308	arm_news_2013_00571478
12890	Մի խոսքով, հավատում եք, որ մի գեղեցիկ օր Մաքսային միությունը կկայանա։	Y	միությունը	2217	    2,455	0.0049	730.1	arm_news_2013_00708143
12891	Այն կազմակերպել էին Հայաստանի երիտասարդական հիմնադրամը և «Արարատ» հոգևոր միությունը։	Y	միությունը	2217	    2,455	0.0049	965.2	arm_news_2015_00134984
12892	Չէ՞ որ ոչ ոք վճարման մասին խոսք անգամ չի ասել։	Y	վճարման	2217	    2,455	0.0049	429.9	arm_news_2015_00842173
12893	Այսօր 5516 այց ըստ Google Analytics-ի Վաղ թե ուշ հարկ կլինի անցնել միասնական վճարման համակարգի, եթե….	Y	վճարման	2217	    2,455	0.0049	725.125	arm_news_2013_00159420
12894	Այնուամենայնիվ, եթե ՀՀ մաքսային ու եվրասիական միության անդամ դառնա, վաղ թե ուշ հարկ կլինի անցնել միասնական վճարման համակարգի։	Y	վճարման	2217	    2,455	0.0049	754.6667	arm_news_2013_00126977
12895	Սույն օրենքով սահմանված տարեկան պետական տուրքերի վճարումը յուրաքանչյուր տարվա համար կատարվում է մեկ տարվա ընթացքում մինչեւ նախորդ անգամ կատարված վճարման օրը, եթե սույն օրենքով այլ կարգ սահմանված չէ։	Y	վճարման	2217	    2,455	0.0049	769.625	arm_news_2013_00906769
12896	Իսկ եթե կարող է Վրաստանը, ապա ինչու՞ չի կարող Հայաստանը, հատկապես այն պայմաններում, երբ բոլոր երկրները փորձում են անցնել գնումների և ծառայությունների անկանխիկ վճարման։	Y	վճարման	2217	    2,455	0.0049	797.5652	arm_news_2015_00485253
12897	«Բայց ի՞նչ է եղել որ, մեր գործերը միշտ էլ լավ են եղել։	Y	գործերը	2218	    2,452	0.0049	232.8333	arm_news_2013_00233358
12898	Անկախ այն բանից, լավ թե վատ են գործերը, նրանք միշտ իմ կողքին են, ես շատ եմ սիրում նրանց դրա համար։	Y	գործերը	2218	    2,452	0.0049	380.5789	arm_news_2013_00170589
12899	Պետք է հասկանալ նաեւ, որ այս տեսակ գործերը ժամանակ են պահանջում։	Y	գործերը	2218	    2,452	0.0049	510.9091	arm_news_2015_00864012
12900	Ինչքան վատ են կնոջ գործերը, այնքան լավ տեսք նա պետք է ունենա.	Y	գործերը	2218	    2,452	0.0049	599.9167	arm_news_2015_00475596
12901	Ռուսաստանում գործերը շատ ավելի վատ են, քան շատերը ենթադրում են.	Y	գործերը	2218	    2,452	0.0049	759.5556	arm_news_2015_00879700
12902	Նախարարության և ՄԱԿ-ի Մանկական հիմնադրամի հետ համատեղ հաստատված տարեկան ծրագրերի շրջանակներում 2002-2003 թթ.	Y	հաստատված	2219	    2,451	0.0049	603.1538	arm_news_2013_00744601
12903	Հանձնաժողովի անդամ կարող են լինել Հանձնաժողովի նախագահի կողմից առաջադրված և ՀՀԿ գործադիր մարմնի կողմից հաստատված յուրաքանչյուր ոք: 4.2.	Y	հաստատված	2219	    2,451	0.0049	613.8667	arm_news_2013_00586852
12904	Անհրաժեշտ էր ապահովել տեղական բնակչության, հատկապես հայերի հետ հաստատված լավ հարաբերությունները։	Y	հաստատված	2219	    2,451	0.0049	622	arm_news_2015_00190152
12905	Եթե ԽՍՀՄ տվյալ օրենքը չէր հաստատված Հայաստանի Գերագույն խորհրդի կողմից, ապա այն չէր կարող գործել հանրապետությունում։	Y	հաստատված	2219	    2,451	0.0049	628.2	arm_news_2013_00327855
12906	Դիվանագիտական հարաբերություններ Հայաստանի Հանրապետության և Թուրքիայի Հանրապետության միջև հաստատված չեն։	Y	հաստատված	2219	    2,451	0.0049	696.2222	arm_news_2015_00326534
12907	Այդպիսի հարց մեզ համար չկա այսօր, հազիվ թե լինի վաղը կամ մյուս օրը»,- նշել է ՈՒկրաինայի նոր ղեկավարը։	Y	հազիվ	2220	    2,448	0.0049	416.5556	arm_news_2013_00116500
12908	Իսկ դա նշանակում է, որ Քոչարյանը ԲՀԿ ցուցակում չի լինի, որովհետեւ հազիվ թե նա … ԲՀԿ.	Y	հազիվ	2220	    2,448	0.0049	456.2857	arm_news_2013_00473047
12909	Գուցե խոսքը Թուրքիայի կամ հայ-թուրքական հարաբերությունների մասի՞ն է։ Էլի հազիվ թե։	Y	հազիվ	2220	    2,448	0.0049	485.9231	arm_news_2015_00303812
12910	Ինչ որ տեսնում եք այստեղ, այն ևս հազիվ կարելի է գտնել, մենք բերել ենք տվել Մոսկվայից։	Y	հազիվ	2220	    2,448	0.0049	544.6875	arm_news_2013_00454096
12911	Չէ՞ որ ինչ-որ նման բան նախկինում արդեն եղել է այդ տարածքում, ու հազիվ թե դա կարելի լինի անթերի տնտեսական մոդել համարել։	Y	հազիվ	2220	    2,448	0.0049	572.7619	arm_news_2015_00841674
12912	Այնպես որ, ես չեմ հասկանում, թե ինչու է ժողովուրդը դեմ, ուրեմն իրենց չեն բացատրել։	Y	բացատրել	2221	    2,447	0.0049	355	arm_news_2013_00129152
12913	Իսկ անհնար է բացատրել այն պատճառով, որ նման բան պարզապես լինել չի կարող։	Y	բացատրել	2221	    2,447	0.0049	374.1538	arm_news_2015_00482551
12914	Ես կարծում եմ, որ մենք այսօր, ինչքան էլ դուք փորձեք բացատրել, որ սահմանադրական փոփոխությունների ենք սպասում, չգիտեմ եւ այլն, դուք գիտեք, որ ճիշտ չեք ասում։ 1996թ.	Y	բացատրել	2221	    2,447	0.0049	509.0435	arm_news_2015_00360770
12915	ԱԺ ՀՅԴ խմբակցության ղեկավարը նաեւ նկատել է, թե ժողովրդին պետք է հստակ բացատրել, եւ իրենք հենց դա էլ անելու են առաջիկայում.	Y	բացատրել	2221	    2,447	0.0049	590.65	arm_news_2017_00077598
12916	Ուրիշ ո՞նց կարելի է բացատրել,–«7օր»–ին ասել է ԲՀԿ–ական պատգամավորը։	Y	բացատրել	2221	    2,447	0.0049	715.8333	arm_news_2015_00836635
12917	Այն, որ մեզ հրավիրում են, չի նշանակում, որ մենք հատուկ աշխատանք ենք արել դրա համար։	Y	հրավիրում	2221	    2,447	0.0049	304.1429	arm_news_2017_00117706
12918	«Առավոտ» «Առավոտ»-ը գրում է. «Սերժ Սարգսյանն ինչու՞ է կրկին Թուրքիայի նախագահին հրավիրում Երևան: 2011թ.	Y	հրավիրում	2221	    2,447	0.0049	558.5385	arm_news_2013_00191077
12919	Շարունակությունը՝ թերթի այսօրվա համարում: Նախորդ գրառումը Ինչու է կառավարությունը երկխոսության հրավիրում ՛՛Դեմ եմ՛՛-ին.	Y	հրավիրում	2221	    2,447	0.0049	793.7143	arm_news_2013_00792075
12920	Էրդողանը Սարգսյանին Թուրքիա է հրավիրում ապրիլի 24-ին Հայկական համայնքի հետ խնդիր չունենք, միայն սփյուռքի հետ.	Y	հրավիրում	2221	    2,447	0.0049	849.2143	arm_news_2015_00413683
12921	Րաֆֆի Հովհաննիսյանը հրավիրում է քննարկման «Ժառանգություն» կուսակցության առաջնորդ Րաֆֆի Հովհաննիսյանը կրկին հրավիրում է հանրային քննարկման։	Y	հրավիրում	2221	    2,447	0.0049	1040.6	arm_news_2013_00957984
12922	AM » (Հայ) Շատ էի սիրում, երբ պատմում էր այն «ուրիշ» երկրի մասին, որտեղից եկել էինք.	Y	որտեղից	2221	    2,447	0.0049	379.4667	arm_news_2017_00042598
12923	«Չգիտեմ, այդ 20 %-ը որտեղից եք վերցրել, ո՞վ է ձեզ նման բան ասել։	Y	որտեղից	2221	    2,447	0.0049	475.1538	arm_news_2013_00829960
12924	Am Հարց 1. Քանի տարեկան եք, որտեղից եք և որտեղ եք սովորում?	Y	որտեղից	2221	    2,447	0.0049	607	arm_news_2015_00057714
12925	Սակայն մինչ օրս չկա հստակ կարծիք, թե որտեղից է ծնվել այս անվանումը։	Y	որտեղից	2221	    2,447	0.0049	752.3333	arm_news_2015_00889844
12926	Իսկ թե նրա՞նց որտեղից այդքան միջոցներ֊ դեռ մնում է պարզել։	Y	որտեղից	2221	    2,447	0.0049	756.2727	arm_news_2015_00487376
12927	Շատ խնդիրներ կան, բայց դեռևս հնարավորությունները սահմանափակ են, և հնարավոր չէ ամեն ինչ միանգամից անել։	Y	սահմանափակ	2222	    2,446	0.0049	517.9333	arm_news_2015_00797910
12928	Այն, որ կարող է նման բան ծրագրվել, բնական է, մենք ունեցել ենք նման նախադեպ՝ 1999 թվականի հոկտեմբերի 27-ը, և եթե հիշում եք, այդ խմբի անդամների թիվը խիստ սահմանափակ էր։	Y	սահմանափակ	2222	    2,446	0.0049	612.5	arm_news_2017_00117670
12929	Կարող է դա իրենց համար շատ լավ է, բայց դե ափսոս, որ Հայաստանում արվեստի մարդիկ սահմանափակ են, չեն կարողանում փող աշխատել ու զարգացնել ցանկացած արվեստ: Ափսոս Հայաստանի համար..	Y	սահմանափակ	2222	    2,446	0.0049	679	arm_news_2013_00537504
12930	Ամեն ինչ անում են միշտ սահմանափակ տարածության մեջ, կամ տուն, կամ գրասենյակ, ուրիշ ոչ մի տեղ..	Y	սահմանափակ	2222	    2,446	0.0049	693.9333	arm_news_2013_00099742
12931	Մյուս կողմից էլ հակադարձում են, թե հարցերը շատ են եղել, ու բնական է, որ ոչ բոլորը հնարավորություն պետք է ունենային հարց տալ` ժամանակը սահմանափակ է եղել։	Y	սահմանափակ	2222	    2,446	0.0049	699.9091	arm_news_2015_00726705
12932	Մարդ, ով ռազմական գործողություններ է սկսել, որոնց ժամանակ շատ մարդիկ են զոհվել։	Y	գործողություններ	2223	    2,445	0.0049	429	arm_news_2015_00678901
12933	Այս դեպքում ի՞նչ գործողություններ են սպասվում թե՛ համայնքի, թե՛, ընդհանրապես, սփյուռքի կողմից։	Y	գործողություններ	2223	    2,445	0.0049	491.1667	arm_news_2015_00150300
12934	Կոնկրետ գործողություններ էլ ենք կատարել, որոնք արդեն արդյունք են տալիս։	Y	գործողություններ	2223	    2,445	0.0049	517.9	arm_news_2017_00531864
12935	Հարցազրույց է տվել մի մարդ, որի ընտանիքի և իր նկատմամբ բավականին լուրջ և կազմակերպված գործողություններ են կատարվել։	Y	գործողություններ	2223	    2,445	0.0049	547.25	arm_news_2013_00600324
12936	ՌԴ ԱԳՆ-ն հայտարարություն է տարածել Սիրիայում ԱՄՆ-ի գործողություններ..	Y	գործողություններ	2223	    2,445	0.0049	816.9	arm_news_2017_00856861
12937	Մեզ ներկայացվել են կոնկրետ քայլեր, որ ներկայիս կառավարությունը նախատեսում է իրականացնել, և մենք մտածում ենք՝ ինչպես կարող է ԵՄ-ն օգտակար լինել։	Y	նախատեսում	2223	    2,445	0.0049	534.0952	arm_news_2017_00671665
12938	Որոշում կառավարությունը նախատեսում է ընդունել փետրվարի 14-ին` հերթական նիստի ընթացքում։	Y	նախատեսում	2223	    2,445	0.0049	586.4	arm_news_2013_00810271
12939	Այս տարվա ընթացքում արդեն իսկ մեծ ծավալի աշխատանքներ կատարվել են, և նախատեսում ենք 2010թ.	Y	նախատեսում	2223	    2,445	0.0049	606.7143	arm_news_2013_00153411
12940	ՀՀԿ—ն ոլորտում առկա խնդիրների լուծման նպատակով նախատեսում է՝ 2018—2020թթ.	Y	նախատեսում	2223	    2,445	0.0049	613.2	arm_news_2017_00619631
12941	Մենք Հայաստանում հաջորդ մի քանի տարիների ընթացքում ագրեսիվ աճ ենք նախատեսում»,– ասաց նա։	Y	նախատեսում	2223	    2,445	0.0049	676.5385	arm_news_2013_00688355
12942	Ես սիրում եմ հայերին և զգում եմ, որ նրանք էլ ինձ են սիրում։	Y	հայերին	2224	    2,444	0.0049	321.0909	arm_news_2015_00366214
12943	Այսինքն, հայերին լիարժեք մարդ չեն համարում, կամ էլ, ավելի ճիշտ, երկրորդ կարգի մարդ են համարում..	Y	հայերին	2224	    2,444	0.0049	461.0769	arm_news_2013_00139246
12944	Ինքը հիմա օտար երկրում է։ Բայց շատ-շատ է սիրում Հայաստանը և հայերին։	Y	հայերին	2224	    2,444	0.0049	480.4545	arm_news_2013_00466538
12945	«Շատ եմ լսել Հայաստանի մասին, կարող եմ ասել, որ լավ ծանոթ եմ հայերին.	Y	հայերին	2224	    2,444	0.0049	488	arm_news_2017_00780746
12946	Իսկ հայերին ով է ներկայացնելու, թե դեռ ընտրությունները չեն եղել?	Y	հայերին	2224	    2,444	0.0049	542.1	arm_news_2015_00489494
12947	Ես էլ իր հանդեպ միշտ ուշադիր եմ եղել, հիմա փորձում եմ հնարավորինս ավելի ուշադիր լինել»,- ասաց նա։	Y	ուշադիր	2224	    2,444	0.0049	404.2667	arm_news_2017_00326568
12948	Մի քիչ ուշադիր լինելու դեպքում կարելի է անմիջապես ճանաչել նրանց։	Y	ուշադիր	2224	    2,444	0.0049	500.6	arm_news_2015_00724733
12949	Նա շատ ուշադիր կլինի ձեր հանդեպ, այդ պատճառով դուք ուղղակի չեք կարողանա սառը մնալ նրա հանդեպ։	Y	ուշադիր	2224	    2,444	0.0049	656.1333	arm_news_2017_00743707
12950	Ձեր աչքերը շատ բան կարող են ասել ձեր մասին Ուշադիր եղեք.	Y	ուշադիր	2224	    2,444	0.0049	698.6	arm_news_2013_00651717
12951	Ինչպես էր Սերժ Սարգսյանը աչքերը փակ «կարդում» և «ուշադիր լսում».	Y	ուշադիր	2224	    2,444	0.0049	916.2	arm_news_2013_00458291
12952	ՀՀ Ազգային վիճակագրական ծառայության տվյալների հիման վրա մենք կազմել ենք մի..	Y	վիճակագրական	2225	    2,443	0.0049	497.8182	arm_news_2013_00625628
12953	Պուտինը մեր Վիճակագրական ծառայությունից ավելի լավ գիտի, թե քանի հոգի է ապրում Հայաստանում.	Y	վիճակագրական	2225	    2,443	0.0049	557	arm_news_2013_00859466
12954	Այդ մասին են վկայում Հայաստանի ազգային վիճակագրական ծառայության 2013 թվականի հունվար–դեկտեմբերի տվյալները։	Y	վիճակագրական	2225	    2,443	0.0049	640.0833	arm_news_2015_00120191
12955	Վիճակագրական տվյալներ Այն, ինչ պետք է իմանալ այս խաղից առաջ..	Y	վիճակագրական	2225	    2,443	0.0049	785.6	arm_news_2017_00932417
12956	5) «- Հայաստանի Հանրապետության վիճակագրական ազգային ծառայությունը» բառերը փոխարինել «- Հայաստանի Հանրապետության ազգային վիճակագրական ծառայությունը» բառերով.	Y	վիճակագրական	2225	    2,443	0.0049	954.625	arm_news_2015_00046384
12957	Արդյո՞ք հնարավոր էր ավելին անել, քան արձանագրվել է մինչ այժմ։	Y	արձանագրվել	2226	    2,440	0.0049	459.5455	arm_news_2015_00231720
12958	Իսկ դա նշանակում է, որ որևէ արդյունք չի արձանագրվել, ինչն արդեն լավ է, քանզի Սարգսյանի պարագայում ցանկացած արդյունք ի վնաս Հայաստանի է լինելու։	Y	արձանագրվել	2226	    2,440	0.0049	516.65	arm_news_2015_00484265
12959	Խնդիրներ չեմ տեսնում, այս պահի դրությամբ ոչ մի դեպք չի արձանագրվել։	Y	արձանագրվել	2226	    2,440	0.0049	688.4545	arm_news_2013_00509357
12960	Սակայն, տեղական ԶԼՄ-ների փոխանցմամբ, դեռևս դրական արդյունք չի արձանագրվել։	Y	արձանագրվել	2226	    2,440	0.0049	1009.9	arm_news_2013_00882556
12961	«Առավոտ» Կիրակի օրը տեղի ունեցած ընտրություններում աննախադեպ փաստ է արձանագրվել.	Y	արձանագրվել	2226	    2,440	0.0049	1119.3	arm_news_2013_00192343
12962	Apple-ի միակ ամենամեծ խնդիրը, որի մասին գրեթե ոչ ոք չի խոսում.	Y	apple	2227	    2,438	0.0049	525.5833	arm_news_2015_00058024
12963	Apple–ի ներկայացուցիչները հայտնել են, որ մինչև մայիսի վերջ պատրաստվում են փոփոխություններ կատարել սեփական քաղաքականության մեջ։	Y	apple	2227	    2,438	0.0049	545.2	arm_news_2013_00040722
12964	Իսկ Apple-ին բաժին է ընկնում ԱՄՆ ՀՆԱ-ի 3.2%-ը։	Y	apple	2227	    2,438	0.0049	687.8	arm_news_2017_00451495
12965	Գուցե այսպիսին լինի iPhone 6-ը․ ՏԵՍԱՆՅՈՒԹ Օրեր առաջ պարզ դարձավ, որ Apple ընկերությունը iPhone 6-ը կարող է ներկայացնել արդեն 2014թ.	Y	apple	2227	    2,438	0.0049	768.1667	arm_news_2013_00287125
12966	Apple–ը դեռ որևէ հրապարակային հայտարարություն չի արել այս հարցի կապակցությամբ։	Y	apple	2227	    2,438	0.0049	768.5455	arm_news_2017_00043001
12967	Երկրորդ հատվածը կարծում է, որ սա ընդամենը պայմանավորված քաղաքական խաղ է ՀՀԿ-ի հետ։	Y	հատվածը	2227	    2,438	0.0049	435.5385	arm_news_2015_00399596
12968	«ԱՌԿԱ» - Ի՞նչ պետք է անի դրա համար պետությունը և մասնավոր հատվածը։	Y	հատվածը	2227	    2,438	0.0049	547.6667	arm_news_2015_00210249
12969	Ու այդ ժամանակ սկսում ես քո այդ մի հատվածը կառուցել..	Y	հատվածը	2227	    2,438	0.0049	570.4444	arm_news_2013_00814700
12970	ԲՀԿ-ի գործարար հատվածը մտածում է այնպես, ինչպես յուրաքանչյուր ՀՀ քաղաքացի.	Y	հատվածը	2227	    2,438	0.0049	600.2727	arm_news_2015_00270635
12971	ԲՀԿ գործարար հատվածը, որ հանուն իր բիզնեսի շարունակում է իշխանությունների հետ ակտիվ կապ պահպանել, փորձում է ԲՀԿ-ն տանել դեպի իշխանություն։	Y	հատվածը	2227	    2,438	0.0049	786.6842	arm_news_2013_00253105
12972	Նա ուզում էր իր գիտական և մանկավարժական գործունեությունը շարունակել Մոսկվայում։	Y	մանկավարժական	2227	    2,438	0.0049	651.1	arm_news_2013_00753162
12973	Նա ունի համապատասխան մանկավարժական կրթություն և երկար տարիների մանկավարժական աշխատանքային փորձ։	Y	մանկավարժական	2227	    2,438	0.0049	664.7	arm_news_2015_00758016
12974	Ինչպե՞ս են կարդում, ի՞նչ են կարդում, ի՞նչ է «Դպիրը» նրանց համար, նրանց մանկավարժական կյանքում։	Y	մանկավարժական	2227	    2,438	0.0049	837.9167	arm_news_2015_00466685
12975	Այսպես էլ դպրոցում էր, ուսանողական տարիներին, այնուհետև՝ մանկավարժական աշխատանքի ժամանակ։	Y	մանկավարժական	2227	    2,438	0.0049	838.5	arm_news_2015_00167985
12976	Գալուստ Սահակյանն ընտրվել է Հայկական պետական մանկավարժական համալսարանի կառավարման խորհրդի նախագահ Դեկտեմբերի 5-ին Հայկական պետական մանկավարժական համալսարանում տեղի է ունեցել կառավարման խորհրդի նիստը, որին մասնակցել են ՀՀ ԱԺ նախագահ Գալուստ Սահակյան..	Y	մանկավարժական	2227	    2,438	0.0049	844.4783	arm_news_2015_00284572
12977	«Ո՛չ, ես չեմ կարծում, որ դա կարող է իրականության հետ կապ ունենալ, որովհետև Ռոբերտ Քոչարյանը եղել է մեր երկրի նախագահը.	Y	իրականության	2228	    2,437	0.0049	297	arm_news_2015_00808395
12978	Նրանք գրեթե ուրիշ և ոչ մի բան չէին թույլ տալիս մեզ տեսնել մեր և համաշխարհային իրականության մեջ..	Y	իրականության	2228	    2,437	0.0049	383	arm_news_2013_00782807
12979	Իրականում – այսօրվա իրականության մեջ գրեթե ոչ մի բանի մասին չի կարելի նման պնդում անել։	Y	իրականության	2228	    2,437	0.0049	500.7143	arm_news_2015_00497309
12980	՛՛Ի՞նչ ազդեցություն կարող է ունենալ այդ հայտարարությունը հայաստանյան և արցախյան իրականության վրա.	Y	իրականության	2228	    2,437	0.0049	641.4615	arm_news_2013_00448785
12981	Գոյություն այսօրվա իրականության մեջ և ապագայի հետ դրա կապի ապահովում.	Y	իրականության	2228	    2,437	0.0049	783.2	arm_news_2015_00299384
12982	Ես չեմ ասում շատ են, համ էլ չգիտեմ շատ են, թե շատ չեն։	Y	համ	2229	    2,436	0.0049	356.4	arm_news_2013_00350267
12983	Համ էլ հետաքրքիր է՝ հիմա էլ դուրս կգա, թե չէ։	Y	համ	2229	    2,436	0.0049	499.3333	arm_news_2013_00562760
12984	Համ էլ թեման ոչ թե Հայաստանն ա, այլ ակումբը 40 տարի հետո։	Y	համ	2229	    2,436	0.0049	617.8182	arm_news_2013_00562730
12985	Համ էլ` միանգամից պարզ կդառնա, թե ով հանուն ինչի է պայքարում։	Y	համ	2229	    2,436	0.0049	699.1818	arm_news_2013_00562775
12986	Արա Աբրահամյանը ևս մեկ բարի գործ է պատրաստում Հայաստանի համ..	Y	համ	2229	    2,436	0.0049	827.6	arm_news_2017_00193094
12987	Մենք չենք կարող ընդունել որևէ անվտանգության նոր ձև, որն ավելի պակաս լինի, քան այն, ինչ մենք փաստացի այսօր ունենք»։	Y	փաստացի	2229	    2,436	0.0049	449.7222	arm_news_2015_00696119
12988	Միտքն այն էր, որ հայ-թուրքական հարաբերությունների ներկա գործընթացի հետ կապված՝ ՀՀ նախագահ Սերժ Սարգսյանը փաստացի մենակ է մնացել։	Y	փաստացի	2229	    2,436	0.0049	607.9474	arm_news_2015_00723203
12989	«Ես կարծում եմ՝ պարտավոր են, եթե չեն պաշտպանում, դա նաև ցույց կտա իրենց տրամադրությունը իրենք փաստացի Սերժ Սարգսյանին դեմ են և ցանկանում են, որ նա պաշտոնանկ լինի, թե՞ ոչ։	Y	փաստացի	2229	    2,436	0.0049	615.3704	arm_news_2015_00360879
12990	Վերջին անգամ Հայաստանի և Ադրբեջանի նախագահների հանդիպումը տեղի է ունեցել երկու տարի առաջ Սոչիում և փաստացի մ..	Y	փաստացի	2229	    2,436	0.0049	617	arm_news_2013_00927639
12991	Այսինքն՝ Սերժ Սարգսյանի հրաժարականի պարագայում Սահմանադրության համաձայն երկրի փաստացի ղեկավար կլինի ոչ թե Հովիկ Աբրահամյանը, այլ վարչապետ Տիգրան Սարգսյանը։	Y	փաստացի	2229	    2,436	0.0049	623.2105	arm_news_2015_00155803
12992	Բնակիչները նշում են, որ այս ընթացքում բազմաթիվ առողջական խնդիրներ են ձեռք բերել։	Y	առողջական	2230	    2,435	0.0049	581.1818	arm_news_2015_00273711
12993	Շատ կարևոր է, որ յուրաքանչյուր մարդ, անկախ առողջական վիճակից ունենա ոչ միայն..	Y	առողջական	2230	    2,435	0.0049	650.25	arm_news_2017_00782178
12994	Շատ հաճախ այն չի կարողանում դա անել, ինչի հետևանքով տուժում է ընդհանուր առողջական վիճակը։	Y	առողջական	2230	    2,435	0.0049	653.8571	arm_news_2017_00782296
12995	Նա 16 օր է հացադուլի մեջ է գտնվում և այս պահին առողջական խնդիրներ ունի։	Y	առողջական	2230	    2,435	0.0049	654	arm_news_2015_00739770
12996	Այժմ նրանց առողջական վիճակը նորմալ է, եւ նրանք արդեն դուրս են գրվել։	Y	առողջական	2230	    2,435	0.0049	654.3333	arm_news_2013_00120040
12997	Եթե Հայաստանում ամեն ինչ այսքան վատ է, ինչո՞ւ եք վերադարձել և փորձում եք այստեղ ինչ-որ բան ստեղծել։	Y	վերադարձել	2231	    2,433	0.0049	401.9412	arm_news_2015_00345834
12998	Հանձնաժողովի նախագահը երկու անգամ նրանց դուրս է հրավիրել, սակայն նրանք նորից վերադարձել են։	Y	վերադարձել	2231	    2,433	0.0049	440.1538	arm_news_2015_00597400
12999	Սակայն քիչ անց հասկացա` նա չի վերադարձել, մենք ենք նրան հետ բերել։	Y	վերադարձել	2231	    2,433	0.0049	514.5	arm_news_2015_00892344
13000	Մենք շատ ուրախ ենք, որ նա շարք է վերադարձել և կարող է խաղադաշտ դուրս գալ»։	Y	վերադարձել	2231	    2,433	0.0049	572.0714	arm_news_2015_00695356
